1000
4724
4727
4732
4736
4755
4762
4778
4783
4793
4813
4816
4821
4835
4847
4847
4862
4871
4894
4899
4908
4918
4920
4922
4937
4942
4950
4953
4976
4985
4997
5004
5021
5026
5036
5048
5057
5060
5066
5067
5081
5098
5114
5132
5141
5155
5167
5189
5192
5212
5215
5237
5247
5267
5273
5288
5304
5326
5340
5350
5362
5380
5402
5422
5437
5453
5476
5497
5505
5509
5524
5545
5563
5571
5581
5599
5612
5626
5639
5648
5650
5662
5664
5669
5686
5702
5727
5740
5743
5755
5761
5765
5783
5803
5812
5819
5827
5845
5851
5865
5870
5881
5891
5909
5932
5957
5976
5978
6002
6026
6031
6048
6049
6072
6078
6101
6123
6141
6166
6176
6177
6180
6189
6198
6200
6209
6228
6253
6278
6296
6305
6308
6322
6345
6359
6377
6383
6384
6409
6423
6447
6463
6484
6502
6526
6538
6561
6568
6581
6599
6608
6628
6650
6674
6683
6690
6699
6699
6716
6717
6724
6731
6737
6751
6751
6765
6766
6777
6795
6818
6821
6827
6833
6841
6858
6865
6873
6883
6896
6918
6927
6946
6967
6977
6980
7002
7009
7012
7028
7048
7049
7052
7052
7067
7092
7100
7111
7116
7126
7127
7151
7162
7180
7187
7188
7189
7201
7212
7232
7238
7250
7272
7290
7301
7324
7348
7359
7381
7401
7420
7441
7456
7479
7489
7494
7499
7513
7532
7553
7569
7572
7593
7595
7610
7626
7637
7639
7657
7680
7689
7704
7709
7732
7736
7740
7764
7766
7787
7798
7806
7812
7832
7846
7857
7874
7888
7892
7896
7920
7941
7966
7991
8015
8037
8037
8062
8086
8097
8112
8133
8138
8141
8157
8182
8184
8195
8200
8216
8225
8245
8265
8269
8290
8310
8315
8322
8335
8337
8359
8372
8374
8395
8417
8431
8432
8448
8459
8483
8504
8522
8524
8545
8545
8546
8570
8572
8586
8596
8603
8615
8634
8646
8663
8672
8693
8705
8727
8732
8749
8758
8778
8787
8791
8803
8810
8814
8829
8838
8840
8847
8860
8865
8883
8891
8908
8909
8925
8928
8934
8951
8961
8968
8985
8999
9010
9016
9021
9023
9042
9066
9072
9081
9093
9100
9122
9129
9149
9168
9174
9194
9203
9225
9241
9266
9267
9275
9288
9298
9323
9338
9356
9359
9382
9403
9415
9427
9439
9464
9487
9497
9505
9529
9542
9549
9571
9575
9599
9621
9622
9640
9661
9666
9670
9688
9688
9688
9693
9703
9710
9730
9752
9755
9771
9788
9813
9827
9838
9863
9865
9876
9900
9900
9901
9920
9940
9954
9960
9983
9999
9999
10004
10018
10042
10057
10071
10074
10099
10113
10136
10161
10182
10183
10199
10209
10217
10219
10225
10228
10250
10271
10279
10294
10297
10312
10326
10351
10373
10388
10400
10405
10425
10441
10454
10456
10459
10484
10508
10514
10533
10538
10557
10574
10594
10608
10615
10627
10647
10648
10654
10663
10684
10704
10709
10722
10742
10759
10762
10783
10800
10813
10818
10819
10819
10844
10862
10880
10894
10906
10913
10928
10939
10954
10972
10993
11014
11023
11025
11035
11037
11059
11073
11096
11108
11108
11118
11124
11142
11145
11158
11164
11175
11190
11191
11211
11228
11235
11248
11258
11274
11298
11301
11301
11304
11308
11312
11313
11335
11339
11346
11352
11362
11363
11383
11405
11407
11417
11439
11456
11456
11474
11483
11491
11491
11514
11517
11524
11539
11550
11572
11595
11597
11616
11634
11637
11641
11659
11673
11679
11693
11698
11698
11723
11735
11735
11753
11756
11765
11769
11788
11803
11810
11817
11836
11860
11882
11900
11919
11934
11939
11963
11986
12009
12011
12014
12030
12053
12068
12077
12101
12118
12121
12121
12130
12152
12169
12193
12199
12212
12213
12228
12242
12265
12287
12299
12306
12318
12340
12348
12352
12356
12379
12380
12398
12410
12424
12437
12451
12458
12477
12485
12489
12502
12506
12530
12543
12549
12563
12582
12599
12601
12607
12621
12621
12641
12655
12660
12667
12680
12681
12691
12716
12724
12737
12741
12751
12766
12785
12801
12817
12825
12838
12839
12860
12870
12893
12895
12896
12896
12910
12923
12924
12942
12961
12965
12974
12984
12991
13005
13024
13043
13053
13069
13083
13093
13098
13103
13126
13151
13167
13180
13197
13199
13212
13237
13258
13283
13298
13305
13325
13330
13338
13343
13350
13355
13369
13373
13388
13411
13432
13449
13470
13487
13503
13512
13515
13516
13538
13558
13581
13605
13619
13628
13630
13651
13659
13679
13696
13718
13722
13740
13746
13763
13786
13791
13815
13833
13837
13842
13854
13857
13882
13889
13910
13914
13918
13927
13936
13955
13980
13988
13998
14019
14031
14053
14062
14080
14081
14101
14106
14118
14138
14154
14162
14164
14174
14197
14214
14236
14242
14254
14275
14299
14305
14315
14336
14340
14363
14387
14408
14416
14421
14426
14430
14446
14446
14456
14459
14480
14501
14515
14522
14547
14554
14567
14587
14606
14613
14617
14618
14628
14646
14659
14680
14705
14705
14712
14724
14744
14753
14763
14772
14776
14799
14818
14826
14833
14858
14860
14872
14885
14894
14896
14906
14918
14918
14928
14937
14944
14969
14984
14987
15005
15014
15030
15054
15073
15078
15086
15093
15095
15099
15117
15135
15140
15162
15180
15185
15195
15220
15228
15236
15256
15267
15289
15308
15323
15339
15357
15364
15369
15374
15381
15404
15405
15409
15425
15447
15447
15460
15473
15481
15500
15503
15507
15528
15548
15551
15551
15571
15582
15583
15590
15591
15595
15611
15623
15630
15640
15649
15663
15687
15698
15699
15700
15707
15729
15752
15759
15780
15799
15807
15824
15841
15854
15861
15865
15880
15901
15918
15922
15943
15952
15969
15994
16005
16020
16022
16043
16067
16083
16105
16130
16152
16161
16182
16207
16228
16245
16254
16264
16264
16267
16289
16303
16324
16343
16356
16361
16368
16374
16396
16411
16416
16431
16448
16472
16477
16477
16502
16515
16520
16525
16550
16555
16576
16578
16590
16600
16613
16625
16631
16645
16653
16674
16684
16706
16715
16722
16743
16765
16769
16790
16802
16823
16842
16853
16874
16874
16893
16900
16925
16929
16932
16953
16968
16989
17013
17035
17042
17052
17077
17081
17099
17109
17115
17139
17156
17176
17192
17216
17226
17242
17265
17267
17276
17284
17300
17309
17321
17327
17342
