1000
1231543
1231532
1231510
1231503
1231488
1231479
1231463
1231459
1231455
1231439
1231435
1231424
1231417
1231396
1231382
1231362
1231346
1231345
1231343
1231337
1231337
1231322
1231305
1231282
1231267
1231259
1231255
1231247
1231235
1231214
1231198
1231179
1231171
1231157
1231140
1231117
1231107
1231091
1231091
1231089
1231072
1231056
1231038
1231021
1231010
1231006
1230998
1230985
1230968
1230956
1230949
1230938
1230931
1230928
1230916
1230898
1230883
1230864
1230851
1230838
1230824
1230821
1230813
1230794
1230781
1230771
1230763
1230763
1230750
1230725
1230719
1230694
1230690
1230678
1230672
1230664
1230640
1230625
1230615
1230613
1230591
1230567
1230559
1230555
1230553
1230534
1230519
1230502
1230495
1230478
1230474
1230451
1230434
1230428
1230415
1230399
1230390
1230375
1230356
1230332
1230319
1230296
1230286
1230284
1230282
1230273
1230271
1230252
1230246
1230224
1230224
1230205
1230200
1230179
1230162
1230151
1230131
1230123
1230120
1230113
1230100
1230100
1230093
1230068
1230043
1230041
1230017
1230006
1229995
1229977
1229965
1229963
1229945
1229941
1229938
1229922
1229917
1229905
1229904
1229879
1229867
1229861
1229860
1229837
1229815
1229812
1229811
1229803
1229782
1229766
1229756
1229750
1229727
1229710
1229710
1229696
1229696
1229676
1229672
1229650
1229626
1229608
1229603
1229591
1229573
1229570
1229549
1229527
1229520
1229516
1229499
1229490
1229473
1229454
1229434
1229418
1229403
1229379
1229376
1229352
1229329
1229314
1229293
1229291
1229267
1229262
1229248
1229223
1229208
1229199
1229182
1229162
1229137
1229133
1229118
1229116
1229094
1229091
1229082
1229073
1229048
1229041
1229020
1229007
1228997
1228989
1228972
1228951
1228944
1228932
1228916
1228897
1228890
1228867
1228864
1228846
1228840
1228832
1228830
1228830
1228810
1228807
1228790
1228787
1228778
1228756
1228746
1228741
1228720
1228715
1228700
1228683
1228664
1228658
1228634
1228630
1228629
1228618
1228593
1228574
1228567
1228547
1228531
1228512
1228508
1228507
1228483
1228468
1228456
1228435
1228435
1228421
1228408
1228390
1228367
1228350
1228340
1228328
1228317
1228302
1228294
1228293
1228293
1228280
1228267
1228261
1228241
1228240
1228235
1228214
1228190
1228168
1228162
1228141
1228129
1228104
1228102
1228093
1228090
1228069
1228064
1228049
1228032
1228032
1228028
1228015
1227990
1227968
1227966
1227957
1227940
1227930
1227925
1227906
1227896
1227885
1227884
1227880
1227855
1227854
1227837
1227834
1227815
1227794
1227779
1227760
1227754
1227740
1227716
1227713
1227689
1227679
1227669
1227659
1227651
1227647
1227636
1227633
1227625
1227604
1227601
1227597
1227585
1227567
1227560
1227545
1227539
1227528
1227508
1227506
1227483
1227480
1227475
1227453
1227453
1227440
1227422
1227400
1227392
1227371
1227371
1227354
1227331
1227321
1227306
1227295
1227288
1227270
1227248
1227235
1227221
1227214
1227189
1227170
1227150
1227125
1227124
1227120
1227097
1227072
1227058
1227058
1227054
1227043
1227023
1227023
1227019
1227000
1226993
1226991
1226977
1226971
1226965
1226956
1226939
1226929
1226929
1226927
1226914
1226903
1226902
1226881
1226858
1226848
1226823
1226815
1226815
1226807
1226806
1226804
1226797
1226791
1226775
1226756
1226732
1226726
1226705
1226697
1226695
1226684
1226664
1226657
1226639
1226625
1226604
1226596
1226581
1226566
1226550
1226546
1226535
1226534
1226509
1226502
1226487
1226470
1226447
1226440
1226432
1226428
1226415
1226395
1226395
1226392
1226373
1226369
1226351
1226344
1226332
1226308
1226303
1226279
1226265
1226249
1226230
1226213
1226211
1226191
1226174
1226159
1226155
1226134
1226113
1226091
1226081
1226069
1226058
1226057
1226034
1226015
1226015
1226003
1225992
1225990
1225965
1225956
1225948
1225937
1225936
1225923
1225921
1225898
1225880
1225874
1225858
1225833
1225812
1225801
1225783
1225774
1225773
1225751
1225742
1225725
1225719
1225715
1225709
1225684
1225680
1225668
1225660
1225654
1225645
1225620
1225609
1225587
1225584
1225566
1225554
1225541
1225532
1225517
1225504
1225496
1225476
1225475
1225459
1225434
1225421
1225410
1225398
1225392
1225388
1225363
1225356
1225343
1225339
1225334
1225322
1225314
1225300
1225280
1225269
1225253
1225241
1225222
1225200
1225195
1225190
1225179
1225158
1225140
1225130
1225113
1225103
1225088
1225082
1225079
1225064
1225050
1225041
1225035
1225013
1225005
1224994
1224973
1224949
1224925
1224909
1224899
1224878
1224857
1224834
1224817
1224807
1224782
1224776
1224756
1224740
1224740
1224731
1224728
1224728
1224726
1224720
1224697
1224676
1224658
1224640
1224615
1224609
1224608
1224603
1224601
1224589
1224575
1224562
1224549
1224543
1224541
1224520
1224514
1224504
1224503
1224493
1224484
1224463
1224448
1224446
1224425
1224406
1224390
1224389
1224383
1224377
1224372
1224368
1224347
1224327
1224308
1224292
1224272
1224255
1224252
1224241
1224219
1224202
1224198
1224195
1224170
1224145
1224131
1224113
1224101
1224078
1224060
1224045
1224023
1223999
1223979
1223975
1223954
1223943
1223918
1223897
1223878
1223865
1223861
1223853
1223829
1223819
1223816
1223796
1223791
1223782
1223765
1223763
1223761
1223757
1223755
1223737
1223718
1223705
1223698
1223678
1223670
1223670
1223653
1223647
1223626
1223605
1223592
1223590
1223566
1223552
1223548
1223523
1223503
1223496
1223483
1223482
1223465
1223443
1223436
1223435
1223429
1223409
1223391
1223388
1223370
1223345
1223335
1223320
1223314
1223299
1223289
1223277
1223272
1223265
1223252
1223249
1223232
1223207
1223203
1223184
1223179
1223175
1223162
1223141
1223130
1223109
1223104
1223079
1223072
1223058
1223052
1223043
1223022
1223017
1222993
1222990
1222981
1222973
1222953
1222950
1222938
1222932
1222908
1222885
1222880
1222861
1222858
1222858
1222839
1222829
1222805
1222799
1222792
1222770
1222760
1222746
1222746
1222734
1222722
1222702
1222700
1222696
1222690
1222674
1222650
1222626
1222616
1222612
1222589
1222586
1222563
1222547
1222539
1222537
1222520
1222503
1222492
1222490
1222468
1222443
1222443
1222424
1222410
1222393
1222386
1222376
1222366
1222365
1222364
1222342
1222340
1222340
1222338
1222320
1222313
1222292
1222282
1222257
1222234
1222231
1222207
1222184
1222181
1222181
1222163
1222144
1222140
1222122
1222116
1222091
1222090
1222090
1222077
1222074
1222065
1222061
1222053
1222031
1222006
1221990
1221977
1221952
1221928
1221919
1221918
1221915
1221913
1221900
1221884
1221875
1221872
1221870
1221854
1221840
1221819
1221815
1221813
1221793
1221768
1221761
1221741
1221740
1221716
1221696
1221695
1221684
1221684
1221665
1221653
1221631
1221629
1221626
1221622
1221599
1221594
1221589
1221564
1221563
1221551
1221545
1221531
1221525
1221516
1221515
1221495
1221485
1221468
1221462
1221441
1221421
1221397
1221376
1221369
1221368
1221367
1221361
1221347
1221343
1221327
1221303
1221293
1221270
1221254
1221238
1221214
1221193
1221188
1221181
1221180
1221164
1221142
1221142
1221135
1221128
1221113
1221104
1221090
1221073
1221058
1221049
1221032
1221032
1221026
1221001
1220987
1220981
1220956
1220949
1220932
1220908
1220898
1220896
1220896
1220881
1220857
1220841
1220839
1220819
1220796
1220773
1220753
1220735
1220727
1220709
1220686
1220664
1220640
1220632
1220610
1220597
1220572
1220561
1220543
1220536
1220529
1220504
1220485
1220485
1220476
1220470
1220447
1220445
1220428
1220420
1220407
1220396
1220388
1220380
1220373
1220359
1220342
1220326
1220314
1220299
1220274
1220268
1220256
1220254
1220244
1220226
1220201
1220181
1220163
1220141
1220133
1220108
1220102
1220092
1220076
1220067
1220050
1220045
1220038
1220026
1220016
1219993
1219977
1219971
1219966
1219953
1219952
1219933
1219914
1219891
1219876
1219865
1219841
1219841
1219830
1219816
1219794
1219793
1219769
1219750
1219749
1219740
1219737
1219729
1219728
1219713
1219704
1219682
1219662
1219651
1219635
1219632
1219613
1219602
1219592
1219590
1219569
1219558
1219543
1219528
1219521
1219516
1219508
1219489
1219472
1219468
1219452
1219431
1219411
1219408
1219390
1219377
1219358
1219355
1219335
1219310
1219299
1219282
1219267
1219266
1219263
1219261
1219247
1219229
1219218
1219200
1219193
1219178
1219174
1219157
1219148
