1000
413882
50514
68110
491576
493808
703288
816432
723713
119097
689687
998715
850242
74312
990105
771870
278763
634327
333494
610118
265828
21392
306709
300738
279183
155537
627664
559432
914533
67865
155065
826882
956568
857851
550493
693839
557935
171547
940520
123153
959506
568095
437406
497804
770945
406679
876088
444513
710393
378853
65069
439098
766396
255119
87273
334340
838467
810264
140969
402249
504792
790484
925284
746245
35028
413019
177725
392049
718797
133995
350268
453639
67393
659229
211157
553734
541845
341158
614908
60021
364832
445658
286363
490350
535178
824695
98188
774764
427920
25754
93903
167746
185240
204661
438370
161317
968413
83174
446824
804329
882982
574016
26138
627967
582377
706948
640912
683742
556045
102092
482680
354246
798854
920713
286509
368572
62622
942183
157071
457597
748422
839493
312898
241063
788244
193912
170047
312734
122760
720150
211220
486627
945699
282656
211043
194708
821997
529212
9423
974397
801717
464364
606181
798977
250674
379794
98368
956374
950283
695228
922266
412279
207586
780096
15955
672203
544103
152885
147667
878887
771435
927393
609651
401322
65191
237835
421800
320139
794562
623472
952034
149515
558436
313529
670694
357462
750142
709985
604556
674797
402566
800551
315621
452244
492943
397479
223909
383047
120893
996820
421033
19598
366653
287035
991769
619473
825537
308744
400478
204163
851477
957484
79611
100328
119085
561607
224008
499399
625762
32490
190191
598247
352187
116675
348178
996385
801687
77589
199724
175923
970900
779040
656686
373331
685205
778911
728988
192552
931772
143103
189030
860437
471562
974973
553029
659267
509103
289522
285394
795332
663899
233135
403374
455225
861002
996199
932717
538581
646321
261480
252294
237793
247858
389605
361426
625469
17501
637985
153748
888534
670195
205556
627627
530075
248474
955156
606336
675031
437354
728660
745356
831763
368088
331088
198556
156026
908924
863147
597668
645296
947827
763717
641545
233333
153880
241471
723816
936993
292548
231314
164022
781584
656628
377060
566560
430524
862978
225925
670035
588185
1997
773394
567085
324365
202706
971180
75726
661192
703769
5636
894725
226119
289075
484120
509582
219054
715039
300170
477693
654157
904550
46759
827341
293280
288454
917290
753248
662063
26647
700963
84234
591247
482268
61114
932092
362247
248519
626759
408290
785303
479104
640325
547535
8904
268577
106798
117934
432293
698651
485334
857607
798540
509684
916552
749273
220531
302629
621605
643463
642629
569643
77415
38775
257724
372642
526021
822048
371669
544812
434924
393472
620003
822622
622875
743162
537918
921628
551078
850804
365638
571948
70737
181278
307134
199542
99228
379219
993919
703127
89508
31474
276551
394817
626105
77056
265039
141551
981535
597018
718672
929341
292466
411279
352676
95786
297980
431463
381938
922181
116933
469397
125020
914721
312044
210547
771717
547591
740490
124945
72439
387320
840658
626919
65017
995844
663746
819016
83599
498756
650673
846524
395575
842481
307569
62567
907110
555783
591831
1280
104875
265729
4367
945349
731229
495643
983346
139910
195453
359201
464810
280021
488533
998029
917475
956771
333843
318742
545017
408441
336667
27869
90299
939314
196973
303815
897590
506795
738587
92186
89614
56060
327058
376656
131111
356739
503221
334085
779151
949908
213654
286534
148452
491715
789962
336072
414541
398058
791733
317698
298417
805197
103380
616895
650672
416417
15744
722403
886668
835439
737233
502080
796598
992051
932639
743345
125905
249898
341294
654851
919294
731720
39625
864193
263465
382599
953628
743304
185179
346162
625563
703363
278124
56477
794751
518671
26086
94792
404746
208703
507108
64698
749611
152343
512278
757939
39786
21784
787164
649383
39150
402493
345434
822346
184540
599575
748726
485566
527071
903444
471947
925595
406766
320028
220331
456252
724762
369325
846913
201743
324137
407052
209733
204599
119415
371626
269248
912716
74044
211572
934687
105857
680524
893096
541412
859783
595187
877042
178036
276222
695247
651377
756222
902587
883792
443168
157253
205301
82381
56375
476624
40063
146353
275082
750253
20060
548946
686756
514230
680279
886722
874119
114482
899584
382225
839642
878654
186312
412810
158068
366501
230043
553249
365587
693303
55908
610903
569869
373154
776047
74306
203992
413715
391880
793369
905025
272001
765043
585220
65588
268257
565594
174049
89152
950979
646526
856368
103295
191688
127102
952461
728920
687483
578848
486175
559997
277351
713381
224129
217888
932676
191928
695967
405752
346764
859544
796660
573434
996089
543577
990929
55914
580675
910118
409721
897299
123678
858770
908245
263298
67344
297288
181340
412885
565945
948678
12956
244446
667082
500759
46298
231870
334891
873204
415347
702043
385306
469979
275819
103858
617561
726254
290576
193354
745942
930266
858759
90597
35248
244300
681244
877162
685596
326393
166048
813176
307797
481188
415461
801823
338355
968162
619818
986593
379313
421370
800563
847052
984389
738823
119358
513815
613300
345476
620896
603375
823572
768805
56435
136453
326457
399394
705548
67864
225076
164218
339315
178284
118980
930173
452130
342603
848821
655959
103774
735299
760441
110294
844924
85433
360935
104062
643917
485209
144180
19425
584158
909602
227906
282728
890431
474534
199600
91461
326259
912824
589061
827719
771029
731279
787949
786919
980581
786379
294467
203944
939628
763154
257347
928345
868754
236561
114340
208678
901177
959514
840903
783489
407085
860200
711291
250008
507829
270266
68573
467714
933891
976140
386907
217468
440884
513125
636435
160090
183717
921579
693362
390945
223425
3152
997757
234084
194357
815931
726509
393347
702704
682641
422852
255093
710301
280821
953413
144601
236438
126692
531261
497531
654420
508260
81605
518213
505179
639196
56209
879395
820358
291463
586370
80432
152981
209069
779724
933668
738765
446935
540802
749272
139506
563230
20833
45827
597806
132033
657393
964570
143296
924433
827013
153796
762989
869302
899444
542933
687324
128629
622531
446659
377640
893624
67639
960223
338363
374487
62782
866820
39911
845257
688840
699522
434880
455298
242546
494141
56576
559505
260482
215434
686535
306637
384929
976479
364921
557414
648614
143379
156685
918205
995388
185352
393990
86125
673767
383397
387290
945953
849782
875155
157972
118111
796178
424078
744679
668750
721279
819439
161473
225144
985042
871150
219513
304845
694473
528741
686023
26734
485958
463830
7129
783146
320371
591095
580821
460125
726819
284823
42837
704336
498394
616032
130254
39840
401368
492222
711248
896224
382903
750359
399862
242560
915829
736519
886843
172641
296630
435868
61701
34968
966086
691879
323855
75590
370587
571307
306205
364859
591540
60695
961174
983504
562584
599229
215796
238202
863189
880366
386715
75990
16644
18959
132072
214390
751708
721022
330659
353986
982813
223419
419025
808699
930432
702008
780004
902372
728993
197841
830540
129202
95668
725689
188327
212817
