1956
6258353
6258337
6258335
6258314
6258290
6258267
6258253
6258230
6258219
6258212
6258190
6258176
6258168
6258145
6258145
6258144
6258122
6258097
6258076
6258072
6258058
6258046
6258034
6258014
6257994
6257982
6257964
6257962
6257947
6257931
6257913
6257889
6257881
6257876
6257875
6257862
6257837
6257813
6257794
6257770
6257763
6257753
6257735
6257730
6257725
6257704
6257698
6257681
6257679
6257671
6257659
6257638
6257618
6257593
6257581
6257566
6257546
6257539
6257519
6257496
6257488
6257488
6257466
6257461
6257460
6257436
6257429
6257421
6257421
6257421
6257411
6257399
6257393
6257377
6257375
6257370
6257358
6257353
6257347
6257341
6257323
6257321
6257312
6257312
6257304
6257282
6257266
6257262
6257256
6257232
6257209
6257207
6257206
6257202
6257194
6257194
6257187
6257174
6257149
6257133
6257112
6257099
6257081
6257060
6257048
6257039
6257035
6257032
6257010
6256993
6256968
6256962
6256947
6256929
6256905
6256884
6256859
6256855
6256842
6256817
6256816
6256815
6256796
6256777
6256765
6256754
6256751
6256727
6256710
6256692
6256677
6256675
6256667
6256654
6256644
6256639
6256618
6256600
6256586
6256562
6256539
6256530
6256524
6256518
6256506
6256506
6256492
6256476
6256472
6256447
6256443
6256424
6256418
6256409
6256397
6256380
6256359
6256337
6256312
6256306
6256287
6256268
6256266
6256261
6256240
6256226
6256222
6256205
6256187
6256165
6256155
6256135
6256114
6256089
6256073
6256051
6256044
6256030
6256011
6256003
6256003
6255986
6255971
6255949
6255927
6255925
6255920
6255905
6255886
6255881
6255879
6255873
6255856
6255850
6255849
6255849
6255835
6255828
6255805
6255801
6255785
6255779
6255756
6255755
6255744
6255736
6255715
6255709
6255700
6255675
6255660
6255651
6255634
6255634
6255613
6255601
6255598
6255577
6255554
6255548
6255527
6255522
6255504
6255503
6255486
6255484
6255482
6255482
6255463
6255441
6255420
6255406
6255396
6255375
6255367
6255367
6255347
6255327
6255319
6255317
6255313
6255295
6255277
6255253
6255229
6255213
6255207
6255202
6255198
6255180
6255158
6255134
6255122
6255122
6255113
6255107
6255083
6255083
6255072
6255054
6255046
6255027
6255021
6255020
6255010
6254991
6254976
6254974
6254968
6254967
6254956
6254937
6254927
6254919
6254914
6254892
6254891
6254870
6254846
6254839
6254830
6254816
6254792
6254770
6254746
6254738
6254733
6254731
6254726
6254708
6254705
6254681
6254669
6254648
6254631
6254624
6254607
6254591
6254583
6254563
6254563
6254545
6254531
6254513
6254506
6254504
6254499
6254484
6254475
6254471
6254459
6254447
6254440
6254434
6254411
6254407
6254401
6254394
6254389
6254388
6254368
6254358
6254344
6254327
6254314
6254311
6254309
6254309
6254304
6254286
6254278
6254273
6254264
6254258
6254237
6254219
6254205
6254198
6254188
6254173
6254152
6254150
6254145
6254144
6254124
6254099
6254090
6254067
6254067
6254053
6254046
6254036
6254026
6254015
6253998
6253985
6253972
6253970
6253949
6253942
6253942
6253923
6253914
6253900
6253875
6253871
6253862
6253852
6253846
6253846
6253838
6253828
6253809
6253792
6253784
6253767
6253751
6253749
6253734
6253719
6253711
6253687
6253668
6253667
6253647
6253629
6253611
6253589
6253576
6253565
6253563
6253538
6253518
6253495
6253494
6253491
6253481
6253480
6253477
6253470
6253459
6253456
6253437
6253431
6253411
6253397
6253396
6253394
6253371
6253359
6253351
6253350
6253341
6253329
6253327
6253310
6253286
6253267
6253247
6253236
6253228
6253208
6253195
6253194
6253186
6253162
6253144
6253130
6253110
6253097
6253077
6253069
6253067
6253047
6253034
6253023
6253004
6252997
6252996
6252983
6252976
6252971
6252951
6252927
6252903
6252887
6252864
6252848
6252825
6252821
6252811
6252787
6252784
6252763
6252751
6252738
6252726
6252713
6252708
6252706
6252705
6252688
6252675
6252657
6252645
6252632
6252630
6252618
6252610
6252604
6252596
6252586
6252577
6252559
6252555
6252541
6252537
6252520
6252520
6252515
6252495
6252481
6252464
6252440
6252418
6252411
6252396
6252382
6252357
6252333
6252321
6252303
6252293
6252288
6252279
6252265
6252251
6252242
6252241
6252232
6252212
6252200
6252182
6252175
6252166
6252148
6252143
6252143
6252130
6252130
6252122
6252118
6252111
6252109
6252108
6252093
6252080
6252061
6252048
6252044
6252038
6252021
6252006
6251999
6251974
6251966
6251954
6251938
6251921
6251918
6251905
6251886
6251865
6251865
6251849
6251841
6251834
6251821
6251798
6251782
6251768
6251745
6251731
6251724
6251708
6251695
6251690
6251670
6251657
6251642
6251623
6251608
6251586
6251582
6251568
6251556
6251542
6251534
6251534
6251514
6251493
6251474
6251471
6251469
6251454
6251430
6251418
6251400
6251399
6251391
6251383
6251373
6251362
6251362
6251341
6251332
6251308
6251285
6251267
6251252
6251249
6251246
6251230
6251216
6251214
6251205
6251195
6251178
6251163
6251145
6251144
6251137
6251123
6251121
6251107
6251087
6251081
6251078
6251059
6251042
6251025
6251003
6250998
6250990
6250968
6250961
6250950
6250947
6250943
6250918
6250909
6250898
6250876
6250854
6250848
6250826
6250802
6250786
6250771
6250750
6250742
6250729
6250714
6250691
6250691
6250671
6250654
6250647
6250633
6250627
6250619
6250615
6250596
6250577
6250575
6250575
6250563
6250538
6250522
6250506
6250487
6250467
6250466
6250447
6250423
6250408
6250408
6250407
6250391
6250388
6250373
6250364
6250361
6250341
6250329
6250315
6250315
6250315
6250315
6250307
6250296
6250277
6250252
6250251
6250229
6250218
6250194
6250172
6250154
6250149
6250128
6250106
6250098
6250075
6250061
6250056
6250054
6250034
6250012
6250010
6249987
6249967
6249951
6249949
6249941
6249921
6249898
6249893
6249869
6249847
6249833
6249814
6249802
6249790
6249769
6249758
6249748
6249735
6249719
6249702
6249684
6249672
6249663
6249646
6249624
6249613
6249603
6249599
6249591
6249570
6249552
6249543
6249522
6249499
6249482
6249464
6249447
6249447
6249425
6249416
6249398
6249398
6249377
6249366
6249364
6249345
6249333
6249309
6249286
6249269
6249246
6249243
6249240
6249220
6249199
6249176
6249151
6249134
6249121
6249106
6249101
6249093
6249085
6249076
6249068
6249063
6249049
6249046
6249038
6249017
6249011
6249003
6248982
6248966
6248951
6248933
6248911
6248889
6248878
6248871
6248861
6248848
6248846
6248835
6248825
6248801
6248777
6248776
6248771
6248764
6248764
6248751
6248731
6248728
6248717
6248713
6248691
6248686
6248679
6248655
6248634
6248624
6248605
6248603
6248579
6248556
6248541
6248520
6248500
6248489
6248469
6248450
6248450
6248425
6248400
6248388
6248380
6248378
6248376
6248376
6248363
6248347
6248341
6248336
6248329
6248304
6248290
6248266
6248253
6248239
6248234
6248215
6248213
6248189
6248175
6248166
6248160
6248159
6248137
6248133
6248113
6248109
6248085
6248074
6248074
6248050
6248049
6248041
6248041
6248028
6248028
6248006
6248002
6247982
6247980
6247960
6247942
6247923
6247912
6247896
6247885
6247874
6247863
6247839
6247821
6247802
6247778
6247774
6247769
6247749
6247748
6247739
6247719
6247702
6247682
6247679
6247664
6247656
6247635
6247634
6247628
6247615
6247607
6247587
6247582
6247572
6247559
6247540
6247523
6247503
6247503
6247479
6247455
6247430
6247407
6247392
6247379
6247355
6247355
6247331
6247307
6247282
6247261
6247250
6247227
6247214
6247195
6247174
6247170
6247146
6247140
6247136
6247121
6247109
6247090
6247080
6247075
6247057
6247054
6247039
6247015
6247005
6246987
6246976
6246967
6246956
6246951
6246940
6246917
6246901
6246892
6246878
6246878
6246855
6246835
6246820
6246810
6246787
6246763
6246746
6246723
6246710
6246700
6246700
6246698
6246674
6246656
6246643
6246625
6246601
6246591
6246585
6246576
6246570
6246557
6246549
6246533
6246515
6246502
6246480
6246465
6246444
6246425
6246408
6246387
6246377
6246362
6246337
6246330
6246326
6246316
6246293
6246283
6246268
6246261
6246244
6246241
6246216
6246216
6246205
6246187
6246162
6246161
6246144
6246126
6246117
6246111
6246094
6246082
6246060
6246039
6246035
6246021
6246008
6245984
6245978
6245972
6245957
6245953
6245943
6245926
6245926
6245901
6245901
6245883
6245874
6245850
6245850
6245825
6245814
6245801
6245797
6245797
6245794
6245773
6245755
6245753
6245734
6245728
6245723
6245701
6245694
6245681
6245675
6245669
6245668
6245665
6245640
6245629
6245618
6245618
6245599
6245584
6245562
6245547
6245541
6245525
6245522
6245519
6245517
6245503
6245498
6245491
6245472
6245471
6245453
6245441
6245430
6245412
6245390
6245386
6245373
6245354
6245340
6245333
6245330
6245329
6245321
6245311
6245300
6245283
6245273
6245257
6245240
6245239
6245222
6245217
6245209
6245195
6245178
6245160
6245152
6245151
6245149
6245141
6245127
6245102
6245080
6245079
6245079
6245071
6245058
6245035
6245019
6245003
6245001
6244995
6244982
6244982
6244965
6244959
6244936
6244932
6244909
6244909
6244909
6244888
6244872
6244849
6244830
6244816
6244803
6244796
6244784
6244762
6244760
6244744
6244721
6244700
6244688
6244663
6244643
6244633
6244633
6244630
6244630
6244606
6244590
6244578
6244564
6244546
6244543
6244523
6244500
6244495
6244482
6244482
6244470
6244448
6244428
6244412
6244411
6244398
6244387
6244375
6244356
6244354
6244353
6244346
6244341
6244338
6244325
6244306
6244301
6244283
6244268
6244268
6244250
6244231
6244228
6244213
6244198
6244182
6244159
6244142
6244137
6244125
6244115
6244099
6244086
6244072
6244069
6244047
6244046
6244037
6244036
6244036
6244015
6244006
6243984
6243974
6243963
6243952
6243928
6243920
6243913
6243901
6243895
6243880
6243880
6243876
6243873
6243871
6243860
6243855
6243837
6243815
6243793
6243782
6243769
6243744
6243734
6243731
6243713
6243712
6243700
6243684
6243683
6243679
6243656
6243639
6243620
6243596
6243574
6243571
6243568
6243544
6243528
6243520
6243500
6243480
6243466
6243453
6243447
6243446
6243422
6243397
6243396
6243387
6243376
6243362
6243360
6243336
6243329
6243322
6243322
6243300
6243288
6243265
6243256
6243243
6243221
6243217
6243204
6243194
6243181
6243162
6243155
6243144
6243139
6243130
6243117
6243110
6243099
6243099
6243095
6243088
6243082
6243075
6243068
6243051
6243047
6243032
6243022
6243014
6243008
6243003
6242986
6242961
6242954
6242940
6242928
6242921
6242909
6242897
6242879
6242873
6242856
6242853
6242851
6242845
6242837
6242827
6242818
6242806
6242795
6242772
6242755
6242746
6242735
6242726
6242702
6242683
6242658
6242634
6242626
6242602
6242601
6242590
6242578
6242562
6242539
6242529
6242526
6242518
6242501
6242491
6242482
6242463
6242450
6242428
6242404
6242387
6242363
6242349
6242348
6242326
6242314
6242313
6242304
6242279
6242270
6242268
6242243
6242234
6242213
6242196
6242195
6242180
6242176
6242174
6242174
6242163
6242152
6242143
6242140
6242136
6242127
6242127
6242114
6242109
6242096
6242071
6242059
6242059
6242039
6242022
6242002
6241977
6241976
6241966
6241962
6241943
6241938
6241934
6241928
6241927
6241906
6241903
6241899
6241874
6241868
6241849
6241841
6241837
6241820
6241808
6241794
6241793
6241793
6241793
6241774
6241757
6241743
6241730
6241711
6241704
6241698
6241693
6241673
6241652
6241650
6241625
6241603
6241582
6241577
6241565
6241554
6241547
6241532
6241507
6241504
6241493
6241478
6241462
6241443
6241427
6241404
6241402
6241400
6241378
6241377
6241355
6241335
6241315
6241301
6241298
6241290
6241275
6241267
6241243
6241228
6241216
6241199
6241174
6241167
6241142
6241122
6241098
6241083
6241060
6241054
6241053
6241037
6241025
6241025
6241012
6240990
6240988
6240977
6240958
6240956
6240936
6240911
6240904
6240894
6240889
6240880
6240865
6240844
6240823
6240803
6240781
6240778
6240773
6240767
6240765
6240756
6240739
6240721
6240696
6240678
6240659
6240635
6240613
6240594
6240577
6240575
6240569
6240547
6240539
6240528
6240525
6240518
6240495
6240476
6240455
6240440
6240428
6240415
6240405
6240404
6240398
6240376
6240356
6240349
6240340
6240315
6240314
6240303
6240295
6240286
6240263
6240253
6240230
6240210
6240191
6240168
6240154
6240146
6240132
6240125
6240117
6240110
6240103
6240099
6240093
6240092
6240074
6240064
6240048
6240032
6240007
6239991
6239968
6239951
6239929
6239922
6239904
6239894
6239892
6239891
6239887
6239882
6239880
6239862
6239858
6239845
6239842
6239825
6239801
6239782
6239759
6239738
6239723
6239708
6239683
6239675
6239672
6239662
6239653
6239643
6239621
6239611
6239600
6239592
6239573
6239562
6239562
6239539
6239528
6239508
6239486
6239462
6239437
6239429
6239429
6239416
6239394
6239372
6239366
6239363
6239362
6239337
6239330
6239328
6239317
6239305
6239301
6239300
6239278
6239278
6239269
6239257
6239241
6239225
6239202
6239182
6239177
6239167
6239153
6239133
6239119
6239115
6239109
6239086
6239073
6239056
6239051
6239044
6239026
6239003
6238991
6238970
6238955
6238946
6238939
6238938
6238917
6238909
6238895
6238883
6238859
6238845
6238842
6238822
6238812
6238808
6238798
6238784
6238779
6238760
6238752
6238744
6238722
6238704
6238693
6238676
6238654
6238638
6238623
6238608
6238589
6238579
6238575
6238552
6238534
6238509
6238508
6238508
6238504
6238502
6238491
6238484
6238482
6238458
6238448
6238446
6238428
6238406
6238404
6238390
6238379
6238357
6238349
6238342
6238336
6238327
6238327
6238304
6238279
6238272
6238266
6238264
6238259
6238254
6238250
6238241
6238236
6238219
6238218
6238213
6238202
6238189
6238185
6238182
6238159
6238150
6238149
6238143
6238134
6238125
6238123
6238115
6238095
6238092
6238070
6238054
6238039
6238021
6238005
6238000
6237990
6237976
6237954
6237942
6237938
6237915
6237905
6237905
6237885
6237877
6237864
6237852
6237827
6237818
6237807
6237783
6237773
6237748
6237732
6237720
6237701
6237678
6237677
6237673
6237668
6237654
6237642
6237618
6237605
6237603
6237583
6237565
6237557
6237545
6237529
6237507
6237485
6237461
6237438
6237430
6237426
6237411
6237408
6237405
6237383
6237373
6237355
6237343
6237335
6237315
6237313
6237304
6237300
6237275
6237252
6237247
6237236
6237215
6237193
6237188
6237174
6237157
6237157
6237136
6237119
6237106
6237104
6237099
6237089
6237071
6237060
6237035
6237019
6237004
6236996
6236989
6236976
6236963
6236959
6236938
6236923
6236908
6236890
6236879
6236854
6236840
6236823
6236807
6236785
6236781
6236767
6236743
6236726
6236706
6236698
6236681
6236663
6236659
6236644
6236631
6236609
6236603
6236595
6236588
6236583
6236571
6236548
6236533
6236532
6236522
6236507
6236491
6236481
6236459
6236445
6236428
6236423
6236419
6236419
6236417
6236401
6236396
6236375
6236361
6236339
6236328
6236314
6236304
6236297
6236280
6236271
6236253
6236246
6236236
6236216
6236214
6236192
6236192
6236181
6236181
6236180
6236165
6236153
6236142
6236128
6236126
6236124
6236115
6236112
6236091
6236086
6236069
6236051
6236046
6236025
6236006
6235985
6235963
6235947
6235946
6235923
6235903
6235881
6235880
6235872
6235863
6235854
6235851
6235827
6235811
6235811
6235805
6235789
6235779
6235769
6235750
6235737
6235721
6235700
6235676
6235673
6235667
6235651
6235642
6235621
6235616
6235599
6235577
6235568
6235553
6235547
6235539
6235520
6235497
6235478
6235453
6235440
6235426
6235425
6235403
6235382
6235363
6235350
6235329
6235312
6235301
6235292
6235288
6235281
6235272
6235256
6235253
6235233
6235209
6235202
6235178
6235178
6235159
6235155
6235155
6235141
6235139
6235128
6235109
6235099
6235091
6235079
6235065
6235054
6235033
6235010
6234992
6234984
6234969
6234963
6234956
6234936
6234934
6234909
6234904
6234901
6234897
6234880
6234865
6234843
6234837
6234835
6234813
6234813
6234801
6234801
6234800
6234786
6234765
6234750
6234727
6234710
6234704
6234691
6234687
6234673
6234657
6234642
6234640
6234630
6234625
6234619
6234610
6234585
6234565
6234549
6234539
6234531
6234519
6234503
6234503
6234499
6234479
6234469
6234452
6234449
6234432
6234424
6234404
6234396
6234381
6234377
6234372
6234357
6234353
6234352
6234342
6234331
6234311
6234289
6234274
6234263
6234247
6234238
6234232
6234216
6234204
6234183
6234159
6234145
6234130
6234127
6234115
6234090
6234066
6234066
6234042
6234035
6234026
