1280
1997
3152
4367
5636
7129
8904
9423
12956
15744
15955
16644
17501
18959
19425
19598
20060
20833
21392
21784
25754
26086
26138
26647
26734
27869
31474
32490
34968
35028
35248
38775
39150
39625
39786
39840
39911
40063
42837
45827
46298
46759
50514
55908
55914
56060
56209
56375
56435
56477
56576
60021
60695
61114
61701
62567
62622
62782
64698
65017
65069
65191
65588
67344
67393
67639
67864
67865
68110
68573
70737
72439
74044
74306
74312
75590
75726
75990
77056
77415
77589
79611
80432
81605
82381
83174
83599
84234
85433
86125
87273
89152
89508
89614
90299
90597
91461
92186
93903
94792
95668
95786
98188
98368
99228
100328
102092
103295
103380
103774
103858
104062
104875
105857
106798
110294
114340
114482
116675
116933
117934
118111
118980
119085
119097
119358
119415
120893
122760
123153
123678
124945
125020
125905
126692
127102
128629
129202
130254
131111
132033
132072
133995
136453
139506
139910
140969
141551
143103
143296
143379
144180
144601
146353
147667
148452
149515
152343
152885
152981
153748
153796
153880
155065
155537
156026
156685
157071
157253
157972
158068
160090
161317
161473
164022
164218
166048
167746
170047
171547
172641
174049
175923
177725
178036
178284
181278
181340
183717
184540
185179
185240
185352
186312
188327
189030
190191
191688
191928
192552
193354
193912
194357
194708
195453
196973
197841
198556
199542
199600
199724
201743
202706
203944
203992
204163
204599
204661
205301
205556
207586
208678
208703
209069
209733
210547
211043
211157
211220
211572
212817
213654
214390
215434
215796
217468
217888
219054
219513
220331
220531
223419
223425
223909
224008
224129
225076
225144
225925
226119
227906
230043
231314
231870
233135
233333
234084
236438
236561
237793
237835
238202
241063
241471
242546
242560
244300
244446
247858
248474
248519
249898
250008
250674
252294
255093
255119
257347
257724
260482
261480
263298
263465
265039
265729
265828
268257
268577
269248
270266
272001
275082
275819
276222
276551
277351
278124
278763
279183
280021
280821
282656
282728
284823
285394
286363
286509
286534
287035
288454
289075
289522
290576
291463
292466
292548
293280
294467
296630
297288
297980
298417
300170
300738
302629
303815
304845
306205
306637
306709
307134
307569
307797
308744
312044
312734
312898
313529
315621
317698
318742
320028
320139
320371
323855
324137
324365
326259
326393
326457
327058
330659
331088
333494
333843
334085
334340
334891
336072
336667
338355
338363
339315
341158
341294
342603
345434
345476
346162
346764
348178
350268
352187
352676
353986
354246
356739
357462
359201
360935
361426
362247
364832
364859
364921
365587
365638
366501
366653
368088
368572
369325
370587
371626
371669
372642
373154
373331
374487
376656
377060
377640
378853
379219
379313
379794
381938
382225
382599
382903
383047
383397
384929
385306
386715
386907
387290
387320
389605
390945
391880
392049
393347
393472
393990
394817
395575
397479
398058
399394
399862
400478
401322
401368
402249
402493
402566
403374
404746
405752
406679
406766
407052
407085
408290
408441
409721
411279
412279
412810
412885
413019
413715
413882
414541
415347
415461
416417
419025
421033
421370
421800
422852
424078
427920
430524
431463
432293
434880
434924
435868
437354
437406
438370
439098
440884
443168
444513
445658
446659
446824
446935
452130
452244
453639
455225
455298
456252
457597
460125
463830
464364
464810
467714
469397
469979
471562
471947
474534
476624
477693
479104
481188
482268
482680
484120
485209
485334
485566
485958
486175
486627
488533
490350
491576
491715
492222
492943
493808
494141
495643
497531
497804
498394
498756
499399
500759
502080
503221
504792
505179
506795
507108
507829
508260
509103
509582
509684
512278
513125
513815
514230
518213
518671
526021
527071
528741
529212
530075
531261
535178
537918
538581
540802
541412
541845
542933
543577
544103
544812
545017
547535
547591
548946
550493
551078
553029
553249
553734
555783
556045
557414
557935
558436
559432
559505
559997
561607
562584
563230
565594
565945
566560
567085
568095
569643
569869
571307
571948
573434
574016
578848
580675
580821
582377
584158
585220
586370
588185
589061
591095
591247
591540
591831
595187
597018
597668
597806
598247
599229
599575
603375
604556
606181
606336
609651
610118
610903
613300
614908
616032
616895
617561
619473
619818
620003
620896
621605
622531
622875
623472
625469
625563
625762
626105
626759
626919
627627
627664
627967
634327
636435
637985
639196
640325
640912
641545
642629
643463
643917
645296
646321
646526
648614
649383
650672
650673
651377
654157
654420
654851
655959
656628
656686
657393
659229
659267
661192
662063
663746
663899
667082
668750
670035
670195
670694
672203
673767
674797
675031
680279
680524
681244
682641
683742
685205
685596
686023
686535
686756
687324
687483
688840
689687
691879
693303
693362
693839
694473
695228
695247
695967
698651
699522
700963
702008
702043
702704
703127
703288
703363
703769
704336
705548
706948
709985
710301
710393
711248
711291
713381
715039
718672
718797
720150
721022
721279
722403
723713
723816
724762
725689
726254
726509
726819
728660
728920
728988
728993
731229
731279
731720
735299
736519
737233
738587
738765
738823
740490
743162
743304
743345
744679
745356
745942
746245
748422
748726
749272
749273
749611
750142
750253
750359
751708
753248
756222
757939
760441
762989
763154
763717
765043
766396
768805
770945
771029
771435
771717
771870
773394
774764
776047
778911
779040
779151
779724
780004
780096
781584
783146
783489
785303
786379
786919
787164
787949
788244
789962
790484
791733
793369
794562
794751
795332
796178
796598
796660
798540
798854
798977
800551
800563
801687
801717
801823
804329
805197
808699
810264
813176
815931
816432
819016
819439
820358
821997
822048
822346
822622
823572
824695
825537
826882
827013
827341
827719
830540
831763
835439
838467
839493
839642
840658
840903
842481
844924
845257
846524
846913
847052
848821
849782
850242
850804
851477
856368
857607
857851
858759
858770
859544
859783
860200
860437
861002
862978
863147
863189
864193
866820
868754
869302
871150
873204
874119
875155
876088
877042
877162
878654
878887
879395
880366
882982
883792
886668
886722
886843
888534
890431
893096
893624
894725
896224
897299
897590
899444
899584
901177
902372
902587
903444
904550
905025
907110
908245
908924
909602
910118
912716
912824
914533
914721
915829
916552
917290
917475
918205
919294
920713
921579
921628
922181
922266
924433
925284
925595
927393
928345
929341
930173
930266
930432
931772
932092
932639
932676
932717
933668
933891
934687
936993
939314
939628
940520
942183
945349
945699
945953
947827
948678
949908
950283
950979
952034
952461
953413
953628
955156
956374
956568
956771
957484
959506
959514
960223
961174
964570
966086
968162
968413
970900
971180
974397
974973
976140
976479
980581
981535
982813
983346
983504
984389
985042
986593
990105
990929
991769
992051
993919
995388
995844
996089
996199
996385
996820
997757
998029
998715
0.144000