7088
7101
7104
7109
7124
7144
7147
7161
7165
7166
7186
7192
7195
7201
7217
7228
7245
7270
7275
7295
7313
7327
7347
7362
7383
7385
7406
7408
7424
7437
7452
7475
7480
7488
7510
7533
7555
7578
7590
7595
7612
7630
7634
7648
7652
7657
7670
7683
7702
7704
7704
7709
7716
7728
7735
7738
7761
7778
7795
7813
7822
7823
7830
7841
7861
7883
7905
7914
7927
7939
7961
7961
7974
7996
8008
8008
8020
8040
8044
8057
8061
8064
8070
8084
8102
8125
8150
8161
8184
8202
8211
8217
8241
8260
8272
8291
8297
8308
8315
8326
8347
8349
8374
8374
8377
8398
8415
8416
8431
8454
8474
8482
8490
8507
8520
8539
8561
8573
8592
8608
8632
8654
8664
8675
8681
8686
8700
8704
8710
8731
8751
8775
8782
8796
8805
8827
8846
8860
8881
8881
8883
8894
8896
8900
8904
8910
8921
8937
8944
8960
8976
8982
8997
9005
9014
9017
9032
9051
9053
9061
9081
9088
9110
9119
9121
9129
9151
9151
9168
9174
9179
9183
9194
9195
9197
9202
9218
9225
9246
9262
9277
9279
9298
9316
9335
9340
9353
9356
9375
9398
9422
9440
9442
9442
9443
9443
9452
9459
9469
9469
9470
9489
9507
9529
9533
9549
9561
9571
9571
9571
9572
9572
9597
9608
9631
9633
9636
9654
9666
9674
9688
9688
9707
9724
9731
9750
9773
9773
9785
9799
9809
9811
9817
9837
9839
9850
9865
9880
9895
9895
9907
9914
9927
9931
9937
9962
9987
9987
10001
10012
10026
10048
10061
10065
10077
10081
10103
10127
10128
10135
10151
10158
10170
10172
10180
10198
10207
10209
10215
10218
10243
10257
10259
10262
10277
10280
10290
10302
10306
10324
10349
10349
10356
10376
10398
10423
10444
10449
10460
10484
10508
10514
10537
10558
10562
10566
10574
10591
10595
10609
10625
10636
10648
10671
10695
10720
10742
10751
10772
10784
10788
10809
10809
10819
10842
10851
10866
10881
10886
10910
10917
10932
10939
10942
10964
10964
10982
10999
11005
11012
11035
11057
11058
11062
11083
11099
11116
11128
11135
11151
11165
11173
11173
11174
11178
11187
11196
11205
11209
11225
11233
11236
11236
11251
11267
11272
11293
11294
11317
11317
11321
11325
11349
11365
11387
11407
11426
11434
11456
11460
11475
11495
11502
11514
11536
11551
11562
11584
11609
11631
11642
11653
11672
11692
11694
11709
11718
11734
11750
11752
11765
11789
11791
11796
11810
11826
11828
11851
11862
11886
11893
11911
11927
11933
11936
11943
11949
11950
11963
11988
11995
12018
12037
12056
12065
12083
12088
12107
12129
12145
12164
12184
12204
12218
12221
12225
12249
12252
12264
12278
12294
12294
12313
12337
12359
12372
12372
12382
12394
12398
12402
12406
12415
12436
12459
12464
12476
12481
12495
12501
12508
12519
12544
12554
12566
12575
12586
12606
12623
12627
12630
12630
12640
12651
12659
12660
12672
12672
12682
12684
12702
12709
12711
12712
12728
12731
12736
12742
12758
12783
12791
12814
12827
12847
12870
12872
12881
12895
12920
12941
12950
12965
12975
12979
12988
13008
13032
13046
13061
13068
13084
13084
13105
13119
13122
13142
13149
13174
13188
13213
13215
13238
13247
13268
13293
13293
13314
13318
13322
13343
13353
13356
13378
13393
13418
13433
13450
13472
13480
13484
13492
13516
13533
13549
13553
13569
13592
13603
13622
13642
13642
13662
13681
13682
13694
13709
13725
13741
13766
13768
13771
13771
13787
13793
13795
13799
13816
13823
13837
13853
13856
13866
13877
13884
13898
13914
13920
13945
13953
13962
13973
13984
13993
13999
14017
14037
14040
14065
14086
14107
14127
14130
14143
14168
14190
14198
14220
14227
14250
14260
14271
14295
14297
14311
14318
14332
14342
14359
14373
14381
14382
14406
14415
14416
14418
14441
14441
14451
14470
14489
14508
14509
14510
14520
14542
14553
14572
14584
14594
14602
14602
14618
14639
14644
14647
14651
14664
14667
14688
14688
14708
14728
14731
14751
14770
14794
14800
14810
14835
14859
14864
14884
14909
14931
14931
14931
14940
14960
14979
14993
15006
15017
15042
15060
15075
15082
15084
15097
15112
15136
15147
15169
15176
15198
15201
15206
15214
15234
15248
15254
15276
15298
15310
15323
15340
15357
15368
15388
15406
15429
15439
15446
15470
15480
15482
15482
15486
15511
15533
15551
15574
15578
15593
15595
15601
15605
15620
15638
15640
15641
15648
15654
15670
15670
15677
15697
15706
15719
15730
15741
15766
15779
15802
15826
15845
15851
15857
15874
15886
15908
15921
15944
15962
15969
15993
15999
16021
16032
16044
16044
16062
16083
16087
16093
16117
16142
16156
16178
16196
16205
16230
16247
16263
16267
16268
16276
16284
16306
16312
16317
16341
16342
16361
16385
16397
16410
16413
16417
16429
16437
16455
16462
16465
16467
16491
16515
16522
16526
16534
16541
16558
16569
16587
16588
16599
16614
16624
16638
16663
16685
16696
16718
16733
16743
16759
16772
16789
16802
16813
16822
16830
16840
16850
16856
16866
16868
16881
16881
16881
16894
16909
16925
16943
16957
16978
16991
17002
17014
17017
17035
17047
17050
17054
17075
17077
17100
17116
17140
17158
17173
17182
17201
17219
17227
17250
17266
17284
17302
17321
17333
17345
17358
17363
17372
17376
17401
17418
17419
17440
17441
17443
17452
17462
17482
17489
17502
17515
17525
17541
17554
17573
17593
17604
17610
17632
17655
17661
17669
17687
17688
17699
17703
17721
17742
17747
17759
17760
17777
17796
17807
17807
17831
17842
17865
17872
17880
17903
17923
17947
17948
17961
17968
17974
17980
17998
18021
18025
18034
18045
18049
18056
18071
18090
18096
18114
18137
18150
18165
18184
18200
18220
18230
18231
18251
18271
18289
18289
18312
18334
18345
18355
18355
18370
18388
18403
18420
18425
18447
18450
18474
18496
18515
18524
18529
18533
18555
18564
18585
18593
18609
18617
18624
18629
18631
18632
18644
18657
18680
18700
18724
18729
18731
18737
18739
18746
18756
18767
18782
18794
18814
18818
18826
18851
18868
18869
18869
18882
18901
18925
18941
18954
18975
18983
18998
19019
19024
19040
19059
19060
19076
19079
19094
19101
19117
19136
19137
19159
19172
19194
19210
19225
19244
19244
19258
19266
19286
19304
19310
19326
19331
19352
19373
19375
19394
19409
19424
19438
19441
19446
19471
0.000000