8000
6338371
6338365
6338360
6338348
6338343
6338331
6338316
6338313
6338303
6338291
6338283
6338275
6338256
6338249
6338248
6338226
6338217
6338216
6338195
6338184
6338162
6338155
6338133
6338133
6338113
6338101
6338081
6338081
6338061
6338055
6338045
6338039
6338032
6338017
6338008
6337986
6337965
6337956
6337935
6337921
6337918
6337895
6337870
6337866
6337846
6337829
6337804
6337789
6337779
6337763
6337750
6337745
6337740
6337718
6337717
6337702
6337695
6337691
6337666
6337647
6337637
6337620
6337611
6337592
6337590
6337582
6337582
6337565
6337554
6337553
6337548
6337541
6337516
6337515
6337504
6337480
6337476
6337467
6337454
6337452
6337451
6337431
6337425
6337412
6337396
6337373
6337370
6337357
6337338
6337332
6337312
6337302
6337283
6337259
6337246
6337230
6337215
6337194
6337174
6337169
6337167
6337164
6337142
6337139
6337128
6337117
6337107
6337098
6337086
6337086
6337079
6337073
6337060
6337053
6337043
6337027
6337017
6337003
6336991
6336981
6336963
6336950
6336937
6336912
6336899
6336897
6336877
6336876
6336856
6336846
6336833
6336818
6336796
6336794
6336774
6336763
6336738
6336731
6336719
6336700
6336696
6336684
6336670
6336667
6336647
6336633
6336623
6336615
6336602
6336595
6336591
6336588
6336582
6336565
6336555
6336540
6336530
6336530
6336516
6336497
6336480
6336471
6336466
6336446
6336422
6336400
6336395
6336381
6336380
6336359
6336348
6336333
6336311
6336302
6336283
6336278
6336265
6336250
6336226
6336223
6336214
6336190
6336184
6336170
6336150
6336134
6336130
6336119
6336114
6336098
6336076
6336053
6336049
6336034
6336030
6336012
6335989
6335971
6335954
6335940
6335936
6335931
6335925
6335902
6335881
6335856
6335844
6335835
6335814
6335791
6335774
6335754
6335739
6335736
6335712
6335693
6335692
6335684
6335682
6335670
6335663
6335656
6335645
6335634
6335617
6335612
6335605
6335589
6335583
6335571
6335569
6335550
6335538
6335528
6335520
6335509
6335491
6335474
6335464
6335455
6335435
6335429
6335424
6335399
6335393
6335384
6335382
6335378
6335354
6335344
6335341
6335336
6335317
6335315
6335307
6335300
6335276
6335255
6335240
6335218
6335207
6335189
6335185
6335184
6335166
6335159
6335149
6335126
6335118
6335116
6335103
6335100
6335093
6335079
6335072
6335070
6335051
6335051
6335048
6335031
6335021
6335005
6334986
6334982
6334957
6334952
6334931
6334918
6334912
6334891
6334885
6334867
6334854
6334846
6334825
6334804
6334789
6334787
6334770
6334745
6334724
6334709
6334703
6334691
6334676
6334666
6334660
6334637
6334629
6334625
6334618
6334612
6334587
6334577
6334566
6334553
6334543
6334526
6334503
6334484
6334481
6334458
6334441
6334422
6334414
6334405
6334394
6334390
6334370
6334365
6334349
6334338
6334323
6334316
6334316
6334293
6334289
6334273
6334250
6334233
6334218
6334209
6334205
6334186
6334180
6334162
6334141
6334132
6334110
6334102
6334102
6334081
6334064
6334056
6334056
6334046
6334030
6334012
6334010
6334009
6334001
6333980
6333960
6333954
6333952
6333944
6333938
6333925
6333924
6333909
6333903
6333889
6333884
6333870
6333869
6333844
6333843
6333842
6333841
6333828
6333827
6333803
6333779
6333755
6333743
6333733
6333732
6333726
6333725
6333719
6333697
6333686
6333682
6333664
6333650
6333641
6333625
6333625
6333600
6333578
6333576
6333576
6333560
6333556
6333537
6333530
6333508
6333490
6333469
6333466
6333448
6333436
6333421
6333420
6333415
6333405
6333391
6333367
6333364
6333357
6333351
6333336
6333315
6333290
6333271
6333248
6333240
6333223
6333210
6333200
6333182
6333170
6333151
6333132
6333126
6333108
6333085
6333077
6333056
6333040
6333031
6333013
6333013
6333002
6332979
6332958
6332933
6332919
6332916
6332901
6332895
6332878
6332873
6332851
6332851
6332837
6332818
6332794
6332792
6332783
6332758
6332742
6332717
6332717
6332706
6332702
6332680
6332658
6332647
6332640
6332634
6332630
6332618
6332604
6332604
6332584
6332573
6332570
6332548
6332524
6332505
6332500
6332487
6332473
6332464
6332450
6332444
6332421
6332397
6332396
6332389
6332383
6332367
6332359
6332350
6332345
6332327
6332325
6332322
6332301
6332299
6332293
6332274
6332255
6332243
6332237
6332225
6332207
6332206
6332188
6332171
6332158
6332157
6332140
6332135
6332128
6332106
6332101
6332086
6332083
6332081
6332074
6332060
6332052
6332044
6332026
6332014
6331994
6331979
6331963
6331948
6331941
6331941
6331918
6331905
6331880
6331859
6331854
6331843
6331841
6331832
6331831
6331815
6331810
6331808
6331800
6331786
6331785
6331760
6331755
6331746
6331722
6331712
6331705
6331701
6331676
6331663
6331642
6331631
6331608
6331588
6331572
6331566
6331562
6331538
6331529
6331515
6331494
6331473
6331461
6331452
6331444
6331436
6331418
6331401
6331377
6331361
6331351
6331349
6331326
6331310
6331295
6331287
6331283
6331280
6331268
6331266
6331261
6331253
6331233
6331229
6331204
6331199
6331177
6331172
6331149
6331144
6331138
6331117
6331096
6331080
6331073
6331066
6331066
6331043
6331041
6331027
6331008
6331003
6331001
6330987
6330972
6330962
6330957
6330936
6330930
6330918
6330902
6330890
6330880
6330867
6330844
6330822
6330821
6330819
6330810
6330810
6330804
6330794
6330786
6330786
6330784
6330769
6330748
6330728
6330709
6330696
6330692
6330681
6330677
6330659
6330654
6330652
6330643
6330626
6330619
6330611
6330609
6330588
6330587
6330577
6330560
6330539
6330515
6330508
6330506
6330488
6330474
6330450
6330429
6330427
6330423
6330422
6330419
6330405
6330391
6330366
6330354
6330338
6330323
6330313
6330308
6330286
6330275
6330258
6330246
6330226
6330217
6330217
6330192
6330170
6330149
6330141
6330125
6330122
6330109
6330090
6330086
6330072
6330047
6330023
6330010
6329993
6329976
6329956
6329934
6329932
6329914
6329912
6329897
6329889
6329880
6329867
6329853
6329837
6329821
6329813
6329805
6329783
6329777
6329764
6329750
6329729
6329713
6329688
6329673
6329649
6329626
6329618
6329609
6329597
6329576
6329572
6329568
6329564
6329551
6329535
6329521
6329510
6329501
6329479
6329473
6329472
6329465
6329445
6329425
6329414
6329396
6329387
6329363
6329347
6329322
6329301
6329299
6329285
6329281
6329257
6329250
6329243
6329227
6329210
6329201
6329193
6329190
6329176
6329162
6329144
6329129
6329111
6329107
6329091
6329079
6329058
6329047
6329028
6329007
6328991
6328985
6328979
6328966
6328964
6328950
6328926
6328913
6328902
6328898
6328879
6328864
6328857
6328849
6328840
6328838
6328831
6328812
6328790
6328771
6328759
6328754
6328754
6328744
6328739
6328720
6328704
6328691
6328680
6328676
6328676
6328673
6328667
6328658
6328635
6328617
6328603
6328582
6328560
6328543
6328529
6328521
6328507
6328489
6328487
6328467
6328460
6328450
6328447
6328445
6328438
6328420
6328397
6328381
6328370
6328369
6328357
6328333
6328328
6328322
6328300
6328280
6328260
6328246
6328238
6328217
6328199
6328181
6328164
6328152
6328148
6328129
6328122
6328104
6328102
6328091
6328081
6328077
6328075
6328060
6328055
6328032
6328027
6328027
6328009
6327987
6327981
6327969
6327959
6327949
6327939
6327926
6327920
6327918
6327900
6327878
6327872
6327859
6327836
6327811
6327793
6327786
6327773
6327748
6327727
6327710
6327687
6327677
6327674
6327664
6327644
6327641
6327637
6327613
6327592
6327568
6327567
6327546
6327545
6327535
6327530
6327523
6327504
6327480
6327477
6327469
6327452
6327441
6327438
6327413
6327395
6327371
6327363
6327355
6327336
6327332
6327329
6327322
6327310
6327306
6327298
6327281
6327271
6327270
6327263
6327239
6327220
6327199
6327178
6327161
6327139
6327120
6327095
6327071
6327053
6327031
6327012
6326988
6326974
6326956
6326952
6326928
6326924
6326922
6326901
6326886
6326874
6326870
6326851
6326828
6326828
6326826
6326816
6326798
6326785
6326783
6326761
6326741
6326720
6326702
6326689
6326666
6326650
6326648
6326640
6326625
6326617
6326592
6326591
6326569
6326547
6326538
6326538
6326534
6326522
6326513
6326490
6326475
6326451
6326429
6326422
6326411
6326387
6326362
6326360
6326341
6326323
6326321
6326298
6326275
6326272
6326271
6326247
6326232
6326216
6326194
6326186
6326167
6326160
6326157
6326135
6326116
6326114
6326101
6326094
6326080
6326071
6326052
6326034
6326032
6326009
6325996
6325992
6325982
6325960
6325940
6325938
6325922
6325897
6325890
6325866
6325852
6325829
6325808
6325788
6325764
6325750
6325731
6325725
6325718
6325715
6325705
6325695
6325676
6325656
6325651
6325633
6325620
6325618
6325610
6325608
6325588
6325564
6325542
6325524
6325508
6325485
6325483
6325468
6325445
6325442
6325417
6325404
6325381
6325375
6325367
6325354
6325337
6325319
6325313
6325300
6325275
6325268
6325246
6325237
6325231
6325225
6325223
6325207
6325198
6325190
6325190
6325171
6325161
6325150
6325133
6325127
6325109
6325097
6325084
6325077
6325073
6325067
6325046
6325042
6325020
6325020
6325012
6325006
6324990
6324983
6324979
6324956
6324939
6324936
6324921
6324896
6324875
6324874
6324859
6324841
6324829
6324805
6324786
6324762
6324758
6324747
6324729
6324714
6324708
6324690
6324676
6324676
6324661
6324653
6324643
6324640
6324639
6324635
6324612
6324606
6324592
6324569
6324554
6324554
6324539
6324525
6324516
6324510
6324500
6324499
6324475
6324451
6324432
6324415
6324404
6324380
6324363
6324362
6324347
6324329
6324312
6324291
6324269
6324259
6324247
6324228
6324205
6324205
6324204
6324182
6324167
6324166
6324153
6324152
6324129
6324113
6324092
6324079
6324069
6324055
6324053
6324042
6324025
6324021
6324021
6324008
6323991
6323969
6323958
6323954
6323945
6323924
6323912
6323888
6323884
6323862
6323847
6323834
6323809
6323796
6323779
6323773
6323757
6323752
6323738
6323715
6323694
6323674
6323655
6323635
6323619
6323606
6323598
6323575
6323557
6323541
6323528
6323509
6323508
6323487
6323466
6323442
6323427
6323414
6323400
6323382
6323359
6323357
6323349
6323342
6323339
6323326
6323319
6323311
6323290
6323279
6323271
6323270
6323255
6323230
6323208
6323186
6323175
6323152
6323151
6323135
6323121
6323110
6323094
6323071
6323057
6323032
6323015
6322999
6322995
6322985
6322982
6322964
6322950
6322925
6322903
6322894
6322882
6322864
6322843
6322830
6322810
6322793
6322783
6322763
6322751
6322735
6322730
6322728
6322709
6322687
6322685
6322661
6322642
6322637
6322614
6322597
6322596
6322588
6322577
6322573
6322552
6322542
6322529
6322528
6322525
6322519
6322517
6322503
6322478
6322466
6322458
6322435
6322435
6322419
6322416
6322401
6322400
6322383
6322361
6322350
6322346
6322329
6322307
6322304
6322301
6322293
6322291
6322275
6322250
6322244
6322220
6322207
6322201
6322185
6322175
6322151
6322145
6322145
6322121
6322114
6322089
6322085
6322060
6322055
6322037
6322012
6321991
6321967
6321947
6321944
6321924
6321914
6321914
6321913
6321909
6321898
6321897
6321889
6321865
6321849
6321835
6321815
6321809
6321808
6321806
6321787
6321776
6321773
6321750
6321733
6321726
6321723
6321708
6321705
6321692
6321690
6321685
6321675
6321657
6321646
6321634
6321617
6321600
6321580
6321557
6321538
6321534
6321511
6321496
6321471
6321460
6321460
6321448
6321436
6321411
6321396
6321379
6321357
6321353
6321351
6321337
6321312
6321296
6321282
6321273
6321249
6321237
6321237
6321232
6321207
6321207
6321194
6321189
6321185
6321183
6321178
6321160
6321156
6321136
6321122
6321110
6321098
6321084
6321067
6321057
6321042
6321039
6321014
6321012
6320999
6320997
6320986
6320961
6320943
6320932
6320916
6320902
6320901
6320891
6320878
6320876
6320855
6320838
6320831
6320829
6320810
6320798
6320784
6320766
6320753
6320741
6320719
6320698
6320694
6320671
6320660
6320643
6320620
6320612
6320595
6320584
6320564
6320557
6320550
6320531
6320506
6320494
6320493
6320479
6320466
6320452
6320446
6320433
6320431
6320408
6320398
6320380
6320373
6320349
6320342
6320335
6320322
6320317
6320299
6320281
6320265
6320252
6320243
6320223
6320216
6320198
6320189
6320184
6320176
6320154
6320132
6320122
6320097
6320093
6320072
6320047
6320045
6320020
6320002
6319978
6319976
6319963
6319956
6319954
6319947
6319924
6319905
6319885
6319877
6319868
6319850
6319840
6319836
6319824
6319823
6319805
6319781
6319769
6319744
6319739
6319730
6319707
6319705
6319695
6319686
6319681
6319679
6319670
6319649
6319624
6319611
6319589
6319564
6319559
6319553
6319546
6319543
6319529
6319506
6319501
6319492
6319476
6319468
6319451
6319444
6319439
6319420
6319412
6319394
6319393
6319387
6319386
6319366
6319341
6319333
6319311
6319297
6319292
6319290
6319269
6319253
6319238
6319237
6319224
6319224
6319224
6319201
6319197
6319191
6319187
6319179
6319160
6319149
6319127
6319106
6319105
6319096
6319093
6319069
6319063
6319060
6319057
6319046
6319041
6319018
6319017
6318996
6318972
6318947
6318927
6318915
6318906
6318895
6318871
6318862
6318854
6318850
6318846
6318843
6318825
6318823
6318808
6318803
6318781
6318768
6318749
6318748
6318742
6318734
6318734
6318734
6318716
6318712
6318696
6318685
6318672
6318652
6318644
6318641
6318616
6318609
6318585
6318581
6318570
6318545
6318533
6318533
6318522
6318507
6318493
6318487
6318480
6318475
6318467
6318451
6318428
6318414
6318411
6318386
6318363
6318357
6318348
6318326
6318312
6318288
6318273
6318261
6318245
6318242
6318222
6318207
6318196
6318182
6318167
6318152
6318147
6318125
6318102
6318098
6318085
6318080
6318063
6318039
6318039
6318023
6318017
6317992
6317980
6317960
6317943
6317919
6317894
6317878
6317859
6317839
6317814
6317814
6317799
6317784
6317784
6317772
6317759
6317737
6317734
6317731
6317729
6317718
6317695
6317676
6317657
6317648
6317640
6317640
6317638
6317617
6317600
6317600
6317584
6317570
6317568
6317543
6317536
6317515
6317491
6317479
6317479
6317461
6317460
6317435
6317415
6317403
6317399
6317376
6317366
6317358
6317358
6317352
6317344
6317330
6317323
6317300
6317295
6317277
6317272
6317269
6317246
6317224
6317215
6317204
6317196
6317182
6317164
6317151
6317134
6317118
6317100
6317085
6317068
6317058
6317058
6317042
6317042
6317036
6317014
6317000
6316990
6316977
6316975
6316954
6316930
6316921
6316918
6316913
6316891
6316887
6316868
6316853
6316835
6316826
6316815
6316797
6316787
6316766
6316765
6316748
6316725
6316709
6316701
6316677
6316669
6316656
6316641
6316639
6316627
6316624
6316608
6316586
6316572
6316555
6316549
6316542
6316523
6316504
6316500
6316489
6316479
6316467
6316455
6316450
6316442
6316440
6316438
6316416
6316404
6316380
6316380
6316361
6316345
6316320
6316303
6316289
6316286
6316277
6316273
6316256
6316251
6316244
6316220
6316204
6316189
6316170
6316155
6316139
6316120
6316105
6316082
6316062
6316054
6316046
6316042
6316032
6316026
6316011
6315995
6315995
6315985
6315985
6315975
6315950
6315932
6315929
6315904
6315898
6315884
6315884
6315867
6315847
6315834
6315820
6315813
6315812
6315808
6315804
6315795
6315788
6315785
6315780
6315765
6315764
6315741
6315739
6315720
6315699
6315675
6315657
6315641
6315640
6315623
6315604
6315587
6315583
6315573
6315554
6315540
6315523
6315509
6315503
6315481
6315470
6315457
6315441
6315438
6315437
6315414
6315403
6315398
6315385
6315367
6315366
6315355
6315330
6315330
6315330
6315329
6315326
6315325
6315307
6315285
6315284
6315274
6315263
6315258
6315236
6315212
6315206
6315206
6315181
6315163
6315148
6315132
6315107
6315101
6315088
6315084
6315063
6315038
6315013
6315001
6314994
6314971
6314951
6314949
6314929
6314909
6314904
6314879
6314864
6314860
6314842
6314832
6314825
6314805
6314784
6314777
6314761
6314746
6314743
6314733
6314714
6314701
6314686
6314667
6314667
6314643
6314631
6314608
6314597
6314578
6314563
6314539
6314532
6314511
6314491
6314490
6314477
6314464
6314457
6314452
6314451
6314436
6314432
6314429
6314409
6314387
6314368
6314350
6314327
6314322
6314314
6314313
6314292
6314292
6314282
6314279
6314274
6314252
6314229
6314206
6314197
6314184
6314175
6314163
6314139
6314139
6314139
6314125
6314112
6314087
6314069
6314052
6314037
6314028
6314011
6314011
6314009
6314000
6313986
6313985
6313970
6313970
6313968
6313945
6313929
6313906
6313892
6313882
6313882
6313866
6313844
6313822
6313819
6313799
6313786
6313785
6313771
6313746
6313745
6313733
6313713
6313693
6313669
6313663
6313651
6313649
6313636
6313618
6313610
6313590
6313574
6313560
6313553
6313543
6313528
6313503
6313482
6313480
6313475
6313462
6313457
6313451
6313439
6313414
6313399
6313387
6313386
6313372
6313361
6313359
6313348
6313333
6313330
6313305
6313294
6313271
6313250
6313226
6313202
6313189
6313167
6313164
6313152
6313139
6313117
6313094
6313085
6313082
6313078
6313061
6313061
6313050
6313035
6313012
6313000
6312992
6312977
6312952
6312938
6312934
6312918
6312916
6312910
6312894
6312886
6312884
6312868
6312854
6312846
6312845
6312835
6312828
6312824
6312817
6312797
6312784
6312769
6312751
6312733
6312724
6312700
6312677
6312655
6312630
6312615
6312591
6312586
6312576
6312571
6312571
6312561
6312553
6312529
6312512
6312496
6312491
6312489
6312479
6312456
6312451
6312430
6312407
6312382
6312378
6312359
6312349
6312336
6312331
6312331
6312327
6312308
6312299
6312295
6312289
6312268
6312250
6312232
6312215
6312199
6312183
6312171
6312171
6312163
6312160
6312155
6312155
6312131
6312121
6312097
6312096
6312080
6312067
6312057
6312035
6312030
6312015
6312007
6311994
6311976
6311953
6311943
6311930
6311930
6311918
6311905
6311890
6311889
6311866
6311848
6311846
6311837
6311833
6311815
6311810
6311810
6311801
6311796
6311795
6311771
6311756
6311737
6311736
6311734
6311715
6311710
6311709
6311691
6311676
6311671
6311661
6311659
6311659
6311652
6311650
6311637
6311623
6311605
6311589
6311579
6311554
6311530
6311514
6311497
6311488
6311467
6311460
6311439
6311425
6311419
6311416
6311394
6311384
6311359
6311336
6311333
6311319
6311299
6311299
6311277
6311262
6311259
6311255
6311232
6311214
6311203
6311186
6311162
6311156
6311133
6311117
6311105
6311096
6311085
6311078
6311065
6311047
6311027
6311010
6310998
6310981
6310959
6310956
6310955
6310932
6310931
6310909
6310902
6310883
6310860
6310839
6310838
6310829
6310823
6310812
6310810
6310802
6310790
6310776
6310756
6310739
6310728
6310728
6310725
6310716
6310691
6310670
6310658
6310641
6310622
6310600
6310584
6310564
6310543
6310536
6310530
6310520
6310511
6310505
6310487
6310462
6310437
6310435
6310428
6310417
6310407
6310402
6310380
6310379
6310364
6310349
6310349
6310344
6310333
6310331
6310308
6310293
6310288
6310269
6310262
6310262
6310258
6310235
6310218
6310216
6310206
6310204
6310185
6310166
6310163
6310149
6310126
6310123
6310122
6310120
6310107
6310105
6310093
6310077
6310066
6310064
6310053
6310050
6310030
6310026
6310020
6310011
6309994
6309980
6309966
6309955
6309951
6309932
6309930
6309926
6309915
6309890
6309867
6309851
6309829
6309816
6309807
6309784
6309781
6309764
6309751
6309729
6309724
6309713
6309692
6309685
6309664
6309639
6309628
6309622
6309610
6309600
6309591
6309582
6309577
6309573
6309558
6309539
6309522
6309502
6309492
6309477
6309463
6309458
6309433
6309425
6309422
6309415
6309406
6309399
6309377
6309355
6309332
6309315
6309306
6309287
6309281
6309269
6309269
6309247
6309246
6309241
6309220
6309215
6309209
6309186
6309165
6309145
6309134
6309116
6309092
6309092
6309084
6309063
6309046
6309023
6309013
6309004
6308992
6308984
6308960
6308942
6308931
6308910
6308894
6308874
6308869
6308854
6308836
6308835
6308831
6308809
6308790
6308781
6308760
6308743
6308742
6308734
6308720
6308702
6308696
6308679
6308657
6308641
6308636
6308612
6308602
6308591
6308580
6308560
6308557
6308547
6308539
6308533
6308518
6308504
6308500
6308482
6308479
6308475
6308457
6308439
6308419
6308397
6308383
6308369
6308368
6308355
6308332
6308328
6308315
6308296
6308288
6308268
6308255
6308235
6308232
6308215
6308194
6308193
6308184
6308169
6308169
6308163
6308141
6308117
6308094
6308085
6308079
6308064
6308047
6308028
6308022
6308007
6307985
6307967
6307962
6307940
6307934
6307916
6307896
6307893
6307890
6307867
6307846
6307844
6307833
6307812
6307790
6307775
6307757
6307751
6307741
6307730
6307718
6307716
6307716
6307711
6307711
6307698
6307681
6307667
6307648
6307639
6307635
6307632
6307612
6307612
6307604
6307602
6307602
6307579
6307559
6307557
6307554
6307539
6307538
6307536
6307536
6307515
6307511
6307488
6307486
6307485
6307476
6307472
6307459
6307438
6307424
6307419
6307410
6307395
6307379
6307378
6307378
6307373
6307349
6307346
6307331
6307318
6307302
6307281
6307278
6307263
6307247
6307233
6307221
6307219
6307208
6307201
6307179
6307162
6307139
6307125
6307113
6307097
6307079
6307070
6307053
6307033
6307028
6307026
6307002
6306981
6306975
6306973
6306958
6306955
6306939
6306919
6306897
6306872
6306869
6306846
6306842
6306818
6306795
6306791
6306775
6306757
6306741
6306727
6306726
6306723
6306717
6306705
6306702
6306679
6306664
6306653
6306638
6306624
6306605
6306592
6306567
6306552
6306529
6306505
6306480
6306465
6306465
6306458
6306433
6306416
6306415
6306392
6306385
6306360
6306355
6306336
6306314
6306290
6306279
6306268
6306247
6306236
6306214
6306197
6306192
6306187
6306172
6306163
6306148
6306132
6306122
6306100
6306079
6306075
6306061
6306042
6306028
6306023
6306009
6306005
6305991
6305966
6305965
6305949
6305939
6305937
6305930
6305928
6305923
6305910
6305901
6305878
6305865
6305857
6305854
6305835
6305833
6305814
6305807
6305789
6305776
6305770
6305749
6305741
6305730
6305725
6305705
6305694
6305674
6305654
6305644
6305627
6305621
6305596
6305579
6305563
6305547
6305537
6305514
6305508
6305508
6305497
6305481
6305481
6305464
6305440
6305420
6305400
6305400
6305390
6305385
6305378
6305360
6305350
6305328
6305308
6305302
6305293
6305268
6305258
6305252
6305247
6305246
6305237
6305212
6305208
6305202
6305193
6305189
6305181
6305159
6305137
6305116
6305098
6305088
6305088
6305068
6305061
6305038
6305020
6305002
6304979
6304962
6304954
6304932
6304925
6304919
6304900
6304882
6304868
6304844
6304833
6304820
6304796
6304790
6304778
6304755
6304736
6304724
6304722
6304711
6304705
6304705
6304680
6304655
6304630
6304607
6304591
6304579
6304560
6304554
6304540
6304525
6304512
6304509
6304509
6304498
6304485
6304468
6304453
6304435
6304412
6304392
6304382
6304374
6304369
6304349
6304330
6304322
6304305
6304292
6304277
6304271
6304256
6304239
6304231
6304215
6304201
6304186
6304177
6304157
6304133
6304117
6304097
6304077
6304055
6304051
6304041
6304041
6304028
6304022
6304020
6304009
6303985
6303971
6303949
6303935
6303910
6303902
6303878
6303863
6303852
6303849
6303839
6303816
6303812
6303795
6303782
6303767
6303755
6303731
6303722
6303715
6303713
6303692
6303673
6303664
6303649
6303632
6303610
6303600
6303575
6303556
6303531
6303520
6303501
6303498
6303478
6303464
6303460
6303458
6303456
6303452
6303438
6303434
6303418
6303417
6303400
6303382
6303358
6303352
6303349
6303324
6303306
6303295
6303282
6303265
6303247
6303227
6303226
6303223
6303201
6303198
6303192
6303171
6303146
6303125
6303111
6303092
6303074
6303067
6303060
6303049
6303032
6303026
6303016
6302993
6302986
6302972
6302960
6302952
6302943
6302935
6302933
6302911
6302900
6302876
6302856
6302848
6302836
6302816
6302797
6302787
6302771
6302768
6302752
6302745
6302739
6302728
6302721
6302712
6302705
6302688
6302676
6302675
6302661
6302656
6302645
6302639
6302624
6302603
6302581
6302559
6302543
6302529
6302513
6302495
6302479
6302475
6302463
6302448
6302445
6302439
6302419
6302400
6302400
6302378
6302356
6302350
6302347
6302339
6302332
6302308
6302301
6302281
6302273
6302266
6302253
6302245
6302221
6302207
6302190
6302189
6302186
6302175
6302154
6302131
6302107
6302105
6302085
6302085
6302085
6302061
6302043
6302035
6302018
6301993
6301988
6301982
6301976
6301956
6301952
6301939
6301916
6301897
6301892
6301882
6301870
6301858
6301853
6301832
6301821
6301796
6301782
6301770
6301762
6301752
6301746
6301737
6301719
6301700
6301681
6301659
6301646
6301629
6301620
6301608
6301602
6301580
6301568
6301559
6301535
6301520
6301509
6301505
6301496
6301492
6301485
6301473
6301472
6301453
6301432
6301423
6301419
6301405
6301383
6301364
6301354
6301330
6301311
6301291
6301291
6301278
6301276
6301267
6301259
6301239
6301238
6301233
6301221
6301216
6301214
6301192
6301175
6301161
6301145
6301134
6301120
6301095
6301077
6301067
6301053
6301037
6301020
6301017
6301012
6300998
6300982
6300972
6300966
6300946
6300933
6300920
6300904
6300880
6300876
6300866
6300846
6300842
6300822
6300804
6300792
6300776
6300767
6300764
6300764
6300750
6300744
6300733
6300730
6300709
6300703
6300690
6300689
6300664
6300643
6300641
6300629
6300627
6300626
6300612
6300587
6300580
6300556
6300544
6300521
6300503
6300486
6300483
6300475
6300453
6300433
6300412
6300389
6300382
6300377
6300361
6300351
6300341
6300323
6300309
6300308
6300293
6300278
6300262
6300246
6300242
6300239
6300235
6300210
6300195
6300175
6300155
6300136
6300130
6300106
6300090
6300080
6300074
6300058
6300053
6300029
6300020
6300004
6299990
6299986
6299982
6299958
6299950
6299927
6299914
6299913
6299898
6299898
6299897
6299892
6299877
6299858
6299844
6299838
6299825
6299820
6299804
6299790
6299776
6299755
6299747
6299731
6299712
6299688
6299663
6299662
6299651
6299634
6299633
6299615
6299599
6299576
6299574
6299549
6299524
6299517
6299513
6299513
6299513
6299513
6299490
6299476
6299475
6299455
6299438
6299415
6299409
6299408
6299400
6299394
6299393
6299375
6299352
6299346
6299330
6299313
6299311
6299286
6299285
6299266
6299263
6299251
6299248
6299231
6299212
6299211
6299200
6299175
6299174
6299149
6299148
6299135
6299125
6299104
6299084
6299075
6299054
6299042
6299026
6299009
6298988
6298967
6298956
6298950
6298945
6298938
6298933
6298909
6298896
6298887
6298871
6298866
6298854
6298830
6298829
6298820
6298805
6298804
6298792
6298789
6298788
6298784
6298780
6298769
6298754
6298739
6298737
6298717
6298692
6298669
6298650
6298648
6298646
6298622
6298598
6298578
6298577
6298564
6298542
6298523
6298519
6298494
6298473
6298470
6298447
6298424
6298404
6298386
6298385
6298371
6298358
6298357
6298340
6298336
6298315
6298308
6298295
6298294
6298287
6298273
6298272
6298247
6298242
6298239
6298215
6298208
6298201
6298200
6298200
6298179
6298163
6298155
6298130
6298117
6298113
6298110
6298085
6298068
6298047
6298033
6298014
6298002
6297981
6297966
6297963
6297953
6297941
6297927
6297904
6297893
6297876
6297861
6297853
6297848
6297834
6297827
6297809
6297791
6297770
6297769
6297745
6297742
6297725
6297717
6297695
6297676
6297653
6297651
6297646
6297625
6297612
6297603
6297594
6297590
6297587
6297566
6297544
6297526
6297510
6297492
6297482
6297461
6297438
6297415
6297413
6297399
6297377
6297376
6297368
6297368
6297346
6297322
6297297
6297296
6297286
6297267
6297267
6297255
6297247
6297238
6297232
6297215
6297192
6297177
6297155
6297131
6297131
6297131
6297127
6297104
6297104
6297102
6297098
6297088
6297073
6297064
6297062
6297050
6297050
6297047
6297045
6297026
6297008
6296996
6296996
6296996
6296989
6296969
6296951
6296949
6296927
6296915
6296900
6296887
6296878
6296869
6296858
6296846
6296836
6296830
6296827
6296809
6296791
6296790
6296774
6296768
6296753
6296750
6296735
6296722
6296718
6296706
6296683
6296659
6296636
6296621
6296611
6296604
6296580
6296569
6296569
6296551
6296548
6296546
6296541
6296536
6296521
6296500
6296498
6296485
6296484
6296474
6296459
6296436
6296425
6296405
6296399
6296380
6296367
6296361
6296352
6296330
6296316
6296298
6296276
6296257
6296254
6296236
6296213
6296210
6296189
6296173
6296158
6296151
6296132
6296124
6296123
6296116
6296108
6296094
6296073
6296052
6296038
6296026
6296025
6296009
6296005
6295998
6295985
6295973
6295952
6295928
6295907
6295906
6295887
6295873
6295852
6295850
6295846
6295827
6295806
6295805
6295784
6295782
6295774
6295762
6295761
6295736
6295712
6295710
6295702
6295699
6295696
6295691
6295687
6295667
6295654
6295650
6295649
6295644
6295638
6295632
6295616
6295608
6295607
6295596
6295574
6295551
6295530
6295505
6295501
6295491
6295490
6295484
6295468
6295454
6295433
6295410
6295402
6295383
6295369
6295357
6295338
6295336
6295334
6295326
6295314
6295289
6295280
6295280
6295258
6295257
6295252
6295238
6295231
6295214
6295214
6295200
6295187
6295173
6295171
6295164
6295152
6295137
6295121
6295117
6295096
6295078
6295077
6295072
6295057
6295039
6295037
6295032
6295015
6294996
6294977
6294976
6294953
6294934
6294932
6294918
6294904
6294882
6294873
6294850
6294848
6294823
6294810
6294801
6294800
6294792
6294773
6294749
6294742
6294720
6294715
6294692
6294683
6294674
6294667
6294664
6294664
6294643
6294631
6294615
6294601
6294581
6294574
6294563
6294550
6294535
6294515
6294515
6294498
6294473
6294468
6294462
6294448
6294434
6294425
6294425
6294400
6294385
6294370
6294350
6294340
6294336
6294326
6294325
6294314
6294306
6294287
6294271
6294249
6294246
6294243
6294241
6294230
6294229
6294217
6294208
6294189
6294176
6294158
6294136
6294117
6294109
6294094
6294094
6294091
6294072
6294049
6294036
6294015
6293997
6293997
6293980
6293956
6293934
6293923
6293921
6293898
6293879
6293855
6293844
6293832
6293815
6293807
6293786
6293775
6293766
6293759
6293758
6293746
6293743
6293740
6293726
6293711
6293706
6293696
6293691
6293681
6293663
6293652
6293647
6293635
6293617
6293613
6293591
6293567
6293553
6293533
6293516
6293496
6293491
6293466
6293453
6293443
6293424
6293411
6293405
6293392
6293376
6293351
6293335
6293332
6293320
6293315
6293290
6293273
6293263
6293239
6293214
6293207
6293189
6293166
6293149
6293136
6293128
6293104
6293100
6293092
6293079
6293058
6293041
6293041
6293024
6293000
6292986
6292962
6292938
6292914
6292910
6292893
6292876
6292852
6292846
6292841
6292821
6292813
6292813
6292804
6292797
6292797
6292776
6292758
6292745
6292738
6292723
6292698
6292694
6292671
6292654
6292642
6292619
6292612
6292611
6292611
6292601
6292577
6292565
6292547
6292524
6292499
6292487
6292467
6292451
6292443
6292440
6292419
6292411
6292387
6292369
6292349
6292331
6292313
6292305
6292299
6292282
6292275
6292272
6292258
6292253
6292234
6292227
6292207
6292204
6292184
6292168
6292164
6292161
6292137
6292112
6292103
6292103
6292095
6292070
6292055
6292044
6292019
6292015
6292011
6291990
6291972
6291960
6291959
6291935
6291925
6291911
6291894
6291893
6291872
6291852
6291837
6291826
6291818
6291802
6291797
6291780
6291768
6291757
6291739
6291721
6291721
6291721
6291702
6291693
6291682
6291681
6291670
6291650
6291648
6291637
6291624
6291602
6291589
6291584
6291564
6291557
6291535
6291518
6291496
6291487
6291464
6291440
6291437
6291425
6291417
6291396
6291380
6291367
6291354
6291352
6291347
6291346
6291324
6291304
6291288
6291267
6291265
6291242
6291228
6291219
6291196
6291180
6291158
6291149
6291134
6291125
6291113
6291093
6291082
6291059
6291049
6291035
6291022
6291021
6291001
6290987
6290968
6290952
6290938
6290923
6290916
6290900
6290891
6290886
6290874
6290858
6290856
6290845
6290832
6290811
6290789
6290783
6290759
6290758
6290742
6290721
6290710
6290709
6290707
6290688
6290685
6290668
6290658
6290652
6290635
6290616
6290610
6290587
6290572
6290571
6290550
6290549
6290544
6290537
6290527
6290520
6290504
6290490
6290487
6290470
6290457
6290436
6290414
6290399
6290374
6290361
6290351
6290329
6290313
6290294
6290281
6290272
6290263
6290245
6290232
6290215
6290214
6290195
6290175
6290165
6290152
6290141
6290134
6290132
6290131
6290118
6290107
6290094
6290079
6290065
6290062
6290052
6290030
6290006
6290005
6289986
6289986
6289973
6289970
6289958
6289950
6289935
6289914
6289895
6289886
6289877
6289876
6289855
6289845
6289841
6289831
6289807
6289798
6289794
6289792
6289768
6289752
6289750
6289734
6289723
6289714
6289707
6289700
6289685
6289677
6289661
6289650
6289640
6289623
6289600
6289583
6289566
6289549
6289549
6289538
6289514
6289499
6289489
6289475
6289450
6289425
6289407
6289391
6289381
6289372
6289367
6289342
6289323
6289310
6289307
6289298
6289296
6289274
6289258
6289233
6289230
6289220
6289198
6289192
6289190
6289167
6289160
6289137
6289112
6289104
6289086
6289073
6289059
6289052
6289033
6289010
6288985
6288981
6288958
6288943
6288932
6288914
6288894
6288881
6288864
6288855
6288839
6288822
6288822
6288807
6288803
6288795
6288774
6288765
6288747
6288731
6288731
6288731
6288706
6288691
6288684
6288684
6288660
6288655
6288648
6288640
6288624
6288603
6288595
6288571
6288558
6288550
6288547
6288527
6288507
6288507
6288484
6288472
6288461
6288448
6288444
6288434
6288425
6288401
6288385
6288378
6288358
6288347
6288341
6288339
6288334
6288321
6288304
6288291
6288268
6288264
6288259
6288239
6288219
6288217
6288216
6288213
6288196
6288179
6288176
6288168
6288150
6288130
6288108
6288097
6288083
6288071
6288052
6288043
6288026
6288012
6287987
6287974
6287970
6287970
6287950
6287946
6287930
6287924
6287914
6287911
6287893
6287885
6287881
6287881
6287874
6287859
6287840
6287833
6287820
6287812
6287791
6287774
6287766
6287743
6287733
6287710
6287686
6287681
6287659
6287650
6287648
6287626
6287619
6287616
6287614
6287597
6287590
6287566
6287555
6287551
6287551
6287536
6287521
6287514
6287494
6287493
6287475
6287456
6287447
6287430
6287427
6287413
6287401
6287391
6287385
6287373
6287348
6287343
6287318
6287317
6287307
6287296
6287296
6287287
6287267
6287245
6287238
6287228
6287212
6287190
6287169
6287154
6287151
6287150
6287129
6287117
6287106
6287091
6287067
6287061
6287057
6287052
6287035
6287024
6287007
6286991
6286966
6286948
6286943
6286937
6286932
6286918
6286897
6286873
6286859
6286846
6286832
6286832
6286830
6286819
6286799
6286794
6286791
6286789
6286767
6286755
6286746
6286727
6286709
6286700
6286680
6286663
6286658
6286647
6286635
6286615
6286605
6286600
6286600
6286578
6286578
6286578
6286564
6286545
6286522
6286509
6286496
6286473
6286470
6286453
6286442
6286434
6286410
6286404
6286385
6286379
6286379
6286366
6286363
6286339
6286321
6286318
6286311
6286297
6286283
6286282
6286267
6286258
6286237
6286230
6286210
6286194
6286177
6286163
6286153
6286134
6286125
6286120
6286099
6286076
6286064
6286055
6286040
6286030
6286020
6286009
6286003
6285983
6285973
6285972
6285956
6285951
6285929
6285927
6285906
6285898
6285895
6285875
6285854
6285844
6285824
6285818
6285813
6285793
6285777
6285766
6285751
6285748
6285746
6285735
6285712
6285688
6285671
6285654
6285630
6285608
6285588
6285566
6285559
6285546
6285536
6285522
6285505
6285504
6285486
6285478
6285454
6285429
6285429
6285417
6285411
6285405
6285393
6285390
6285369
6285365
6285365
6285354
6285349
6285331
6285308
6285283
6285260
6285248
6285224
6285201
6285194
6285175
6285174
6285167
6285148
6285140
6285119
6285105
6285094
6285074
6285070
6285068
6285067
6285055
6285040
6285018
6284994
6284971
6284960
6284939
6284932
6284912
6284897
6284873
6284853
6284838
6284831
6284818
6284816
6284800
6284793
6284782
6284762
6284740
6284720
6284711
6284704
6284696
6284691
6284670
6284659
6284634
6284610
6284586
6284580
6284570
6284565
6284540
6284522
6284501
6284481
6284473
6284465
6284445
6284431
6284425
6284411
6284411
6284405
6284390
6284375
6284351
6284343
6284335
6284329
6284325
6284318
6284309
6284285
6284281
6284278
6284256
6284237
6284227
6284205
6284191
6284188
6284188
6284178
6284166
6284151
6284151
6284129
6284117
6284096
6284078
6284069
6284064
6284056
6284045
6284043
6284027
6284005
6283992
6283985
6283970
6283950
6283950
6283941
6283921
6283910
6283894
6283870
6283861
6283860
6283839
6283818
6283802
6283791
6283791
6283786
6283762
6283753
6283745
6283724
6283723
6283698
6283681
6283662
6283649
6283645
6283635
6283612
6283605
6283601
6283599
6283599
6283593
6283574
6283569
6283545
6283543
6283538
6283525
6283505
6283488
6283481
6283460
6283460
6283456
6283454
6283432
6283416
6283409
6283398
6283394
6283372
6283350
6283340
6283319
6283301
6283280
6283267
6283254
6283251
6283244
6283221
6283201
6283193
6283186
6283163
6283144
6283136
6283127
6283116
6283092
6283092
6283073
6283053
6283051
6283038
6283019
6282996
6282983
6282959
6282957
6282939
6282925
6282922
6282906
6282896
6282888
6282888
6282878
6282872
6282858
6282846
6282844
6282842
6282826
6282816
6282802
6282783
6282766
6282766
6282757
6282749
6282732
6282709
6282689
6282679
6282666
6282666
6282645
6282641
6282621
6282602
6282598
6282579
6282577
6282566
6282556
6282544
6282536
6282516
6282503
6282497
6282492
6282477
6282470
6282455
6282447
6282433
6282425
6282419
6282394
6282371
6282366
6282365
6282357
6282348
6282338
6282328
6282317
6282308
6282299
6282294
6282275
6282259
6282259
6282253
6282252
6282249
6282248
6282224
6282201
6282178
6282156
6282145
6282128
6282107
6282099
6282098
6282094
6282093
6282075
6282063
6282046
6282032
6282021
6281998
6281982
6281960
6281954
6281951
6281947
6281931
6281906
6281883
6281871
6281849
6281843
6281822
6281799
6281798
6281793
6281792
6281773
6281769
6281752
6281748
6281733
6281710
6281704
6281690
6281672
6281672
6281663
6281641
6281633
6281626
6281614
6281594
6281589
6281587
6281577
6281561
6281540
6281528
6281508
6281491
6281477
6281470
6281470
6281467
6281459
6281459
6281458
6281435
6281429
6281426
6281420
6281413
6281388
6281373
6281360
6281338
6281336
6281322
6281310
6281306
6281283
6281273
6281264
6281250
6281229
6281229
6281218
6281213
6281209
6281191
6281187
6281174
6281169
6281148
6281131
6281128
6281112
6281102
6281102
6281078
6281065
6281043
6281042
6281018
6281018
6281015
6281011
6280997
6280996
6280994
6280986
6280974
6280973
6280967
6280950
6280926
6280908
6280899
6280877
6280864
6280857
6280852
6280846
6280840
6280832
6280807
6280796
6280777
6280757
6280750
6280726
6280708
6280692
6280687
6280683
6280665
6280644
6280644
6280643
6280622
6280598
6280574
6280560
6280540
6280529
6280520
6280505
6280496
6280471
6280453
6280429
6280419
6280400
6280378
6280367
6280345
6280341
6280325
6280308
6280286
6280266
6280251
6280248
6280238
6280226
6280211
6280196
6280185
6280185
6280163
6280155
6280139
6280135
6280112
6280104
6280093
6280085
6280085
6280083
6280064
6280046
6280035
6280016
6280001
6279984
6279972
6279969
6279962
6279955
6279955
6279938
6279914
6279911
6279906
6279890
6279870
6279849
6279841
6279821
6279816
6279811
6279805
6279790
6279772
6279767
6279762
6279752
6279746
6279743
6279728
6279709
6279685
6279678
6279666
6279652
6279652
6279649
6279634
6279621
6279601
6279583
6279563
6279541
6279524
6279516
6279511
6279489
6279467
6279467
6279465
6279462
6279450
6279446
6279425
6279424
6279418
6279407
6279407
6279392
6279387
6279384
6279361
6279351
6279346
6279328
6279311
6279309
6279288
6279280
6279277
6279270
6279246
6279237
6279233
6279208
6279195
6279178
6279163
6279147
6279129
6279111
6279097
6279085
6279073
6279062
6279061
6279036
6279025
6279020
6278997
6278994
6278976
6278959
6278937
6278913
6278907
6278897
6278875
6278871
6278848
6278847
6278836
6278835
6278829
6278820
6278798
6278787
6278770
6278770
6278770
6278763
6278742
6278719
6278714
6278705
6278700
6278683
6278670
6278651
6278635
6278619
6278609
6278604
6278600
6278595
6278571
6278554
6278540
6278528
6278520
6278515
6278511
6278496
6278494
6278474
6278457
6278447
6278443
6278429
6278414
6278389
6278367
6278350
6278325
6278320
6278295
6278289
6278284
6278260
6278236
6278235
6278224
6278208
6278193
6278178
6278163
6278153
6278147
6278125
6278102
6278102
6278102
6278077
6278059
6278056
6278056
6278039
6278026
6278023
6278012
6277989
6277976
6277974
6277969
6277967
6277963
6277961
6277943
6277941
6277924
6277918
6277899
6277894
6277870
6277845
6277836
6277835
6277820
6277813
6277806
6277794
6277771
6277759
6277745
6277726
6277710
6277701
6277683
6277668
6277648
6277638
6277620
6277598
6277582
6277567
6277559
6277538
6277538
6277513
6277511
6277486
6277483
6277469
6277450
6277441
6277441
6277433
6277432
6277412
6277390
6277377
6277361
6277337
6277331
6277307
6277303
6277286
6277275
6277262
6277258
6277239
6277218
6277202
6277181
6277173
6277165
6277163
6277146
6277146
6277144
6277137
6277125
6277125
6277116
6277107
6277099
6277097
6277085
6277069
6277063
6277044
6277043
6277018
6277006
6276990
6276981
6276971
6276964
6276950
6276944
6276935
6276919
6276911
6276891
6276878
6276867
6276858
6276856
6276856
6276853
6276836
6276834
6276814
6276801
6276777
6276773
6276766
6276745
6276725
6276704
6276679
6276677
6276667
6276642
6276621
6276621
6276600
6276584
6276576
6276567
6276566
6276554
6276533
6276527
6276503
6276485
6276478
6276468
6276446
6276438
6276413
6276411
6276397
6276389
6276370
6276363
6276360
6276339
6276328
6276315
6276301
6276301
6276277
6276266
6276247
6276226
6276220
6276206
6276181
6276170
6276160
6276149
6276127
6276119
6276094
6276070
6276053
6276050
6276039
6276038
6276025
6276020
6276005
6275984
6275972
6275951
6275928
6275913
6275889
6275878
6275874
6275870
6275867
6275846
6275844
6275827
6275808
6275796
6275796
6275794
6275779
6275761
6275739
6275738
6275714
6275699
6275681
6275657
6275657
6275649
6275639
6275633
6275624
6275611
6275591
6275581
6275571
6275553
6275551
6275550
6275548
6275530
6275507
6275482
6275478
6275468
6275453
6275432
6275432
6275411
6275386
6275378
6275355
6275337
6275333
6275313
6275291
6275287
6275278
6275261
6275240
6275237
6275216
6275191
6275175
6275168
6275148
6275127
6275121
6275109
6275098
6275097
6275074
6275050
6275040
6275024
6275012
6275011
6275008
6274990
6274973
6274966
6274950
6274929
6274925
6274920
6274914
6274914
6274906
6274888
6274876
6274870
6274858
6274840
6274832
6274808
6274799
6274788
6274772
6274752
6274738
6274723
6274702
6274681
6274679
6274677
6274658
6274654
6274651
6274647
6274643
6274634
6274619
6274615
6274613
6274601
6274587
6274570
6274563
6274553
6274537
6274528
6274507
6274492
6274468
6274450
6274436
6274419
6274397
6274380
6274361
6274340
6274333
6274309
6274284
6274267
6274250
6274245
6274220
6274217
6274198
6274173
6274168
6274168
6274164
6274148
6274140
6274132
6274126
6274104
6274100
6274094
6274073
6274051
6274037
6274017
6273994
6273978
6273959
6273944
6273937
6273930
6273927
6273905
6273905
6273881
6273871
6273870
6273845
6273831
6273813
6273796
6273779
6273765
6273762
6273762
6273745
6273727
6273702
6273682
6273681
6273657
6273656
6273644
6273622
6273603
6273602
6273584
6273584
6273559
6273547
6273546
6273546
6273524
6273499
6273474
6273469
6273467
6273457
6273451
6273435
6273425
6273425
6273415
6273393
6273387
6273369
6273354
6273352
6273342
6273332
6273321
6273305
6273301
6273293
6273271
6273246
6273221
6273218
6273205
6273181
6273171
6273164
6273149
6273143
6273135
6273132
6273123
6273112
6273110
6273101
6273101
6273090
6273069
6273049
6273046
6273039
6273016
6272997
6272981
6272976
6272956
6272931
6272920
6272909
6272902
6272889
6272876
6272861
6272840
6272819
6272800
6272797
6272783
6272759
6272752
6272739
6272720
6272701
6272694
6272672
6272665
6272665
6272661
6272654
6272647
6272643
6272638
6272628
6272607
6272589
6272567
6272554
6272529
6272512
6272510
6272487
6272478
6272453
6272441
6272435
6272415
6272413
6272393
6272377
6272359
6272349
6272330
6272307
6272282
6272272
6272266
6272250
6272245
6272242
6272218
6272203
6272184
6272162
6272138
6272134
6272109
6272091
6272077
6272073
6272064
6272058
6272058
6272050
6272031
6272023
6271998
6271995
6271971
6271946
6271922
6271909
6271889
6271878
6271857
6271857
6271857
6271849
6271839
6271814
6271799
6271780
6271771
6271748
6271745
6271727
6271705
6271691
6271682
6271675
6271652
6271645
6271635
6271624
6271624
6271614
6271604
6271595
6271588
6271579
6271564
6271539
6271532
6271522
6271522
6271513
6271488
6271487
6271476
6271451
6271436
6271412
6271404
6271386
6271371
6271360
6271350
6271333
6271329
6271313
6271302
6271278
6271269
6271245
6271221
6271215
6271204
6271191
6271188
6271186
6271178
6271163
6271139
6271121
6271112
6271105
6271100
6271093
6271068
6271061
6271049
6271036
6271032
6271030
6271020
6271000
6270989
6270989
6270987
6270981
6270964
6270958
6270958
6270934
6270921
6270911
6270902
6270880
6270866
6270850
6270835
6270828
6270827
6270819
6270800
6270787
6270774
6270754
6270752
6270732
6270729
6270714
6270707
6270704
6270698
6270697
6270685
6270677
6270658
6270639
6270618
6270598
6270590
6270589
6270587
6270570
6270552
6270539
6270522
6270518
6270514
6270510
6270490
6270469
6270445
6270427
6270423
6270415
6270405
6270395
6270391
6270376
6270365
6270365
6270341
6270326
6270316
6270313
6270297
6270277
6270261
6270250
6270231
6270211
6270204
6270194
6270194
6270190
6270188
6270185
6270165
6270145
6270122
6270097
6270093
6270069
6270065
6270044
6270028
6270024
6270004
6270001
6269985
6269979
6269975
6269961
6269961
6269957
6269950
6269925
6269917
6269901
6269891
6269890
6269874
6269852
6269828
6269810
6269810
6269799
6269799
6269784
6269783
6269772
6269755
6269754
6269729
6269722
6269709
6269692
6269683
6269663
6269645
6269642
6269628
6269625
6269623
6269602
6269583
6269580
6269559
6269557
6269553
6269544
6269524
6269507
6269497
6269497
6269472
6269463
6269457
6269456
6269456
6269455
6269452
6269428
6269415
6269398
6269385
6269375
6269362
6269340
6269319
6269310
6269294
6269280
6269268
6269255
6269239
6269219
6269207
6269205
6269187
6269162
6269144
6269123
6269121
6269104
6269081
6269074
6269061
6269046
6269041
6269026
6269010
6269007
6268999
6268994
6268992
6268975
6268963
6268944
6268923
6268914
6268904
6268891
6268874
6268851
6268839
6268818
6268800
6268779
6268765
6268762
6268737
6268715
6268715
6268700
6268677
6268666
6268661
6268646
6268621
6268621
6268605
6268584
6268577
6268569
6268552
6268528
6268528
6268518
6268503
6268487
6268462
6268439
6268417
6268409
6268390
6268382
6268375
6268357
6268355
6268348
6268334
6268321
6268303
6268288
6268284
6268271
6268263
6268253
6268230
6268225
6268224
6268214
6268200
6268179
6268154
6268132
6268128
6268127
6268102
6268085
6268082
6268069
6268047
6268034
6268013
6268004
6267993
6267993
6267988
6267967
6267949
6267930
6267923
6267900
6267884
6267864
6267846
6267843
6267835
6267826
6267819
6267803
6267797
6267783
6267766
6267754
6267733
6267727
6267710
6267707
6267695
6267674
6267651
6267636
6267618
6267602
6267600
6267589
6267571
6267548
6267546
6267532
6267527
6267525
6267520
6267520
6267513
6267510
6267502
6267483
6267483
6267469
6267457
6267435
6267418
6267398
6267389
6267386
6267380
6267363
6267342
6267321
6267321
6267313
6267313
6267296
6267281
6267273
6267267
6267242
6267226
6267213
6267189
6267174
6267162
6267151
6267130
6267117
6267098
6267075
6267065
6267046
6267025
6267012
6266994
6266991
6266969
6266951
6266948
6266945
6266938
6266917
6266912
6266911
6266910
6266896
6266892
6266867
6266843
6266843
6266827
6266817
6266792
6266779
6266775
6266770
6266748
6266739
6266732
6266732
6266717
6266697
6266687
6266671
6266670
6266647
6266638
6266632
6266618
6266594
6266590
6266573
6266562
6266541
6266517
6266497
6266479
6266457
6266453
6266428
6266403
6266400
6266393
6266385
6266385
6266383
6266362
6266356
6266344
6266324
6266306
6266290
6266266
6266244
6266240
6266220
6266203
6266193
6266176
6266158
6266156
6266147
6266131
6266121
6266099
6266097
6266083
6266075
6266057
6266055
6266031
6266009
6266001
6265977
6265973
6265952
6265932
6265922
6265909
6265894
6265881
6265875
6265853
6265833
6265808
6265795
6265780
6265766
6265752
6265730
6265720
6265702
6265683
6265680
6265666
6265643
6265634
6265611
6265609
6265607
6265590
6265572
6265549
6265534
6265530
6265519
6265511
6265486
6265469
6265451
6265440
6265422
6265397
6265376
6265371
6265353
6265349
6265333
6265328
6265306
6265299
6265297
6265280
6265255
6265238
6265215
6265193
6265174
6265156
6265133
6265123
6265103
6265085
6265072
6265057
6265054
6265030
6265017
6265012
6265012
6264987
6264970
6264956
6264956
6264942
6264940
6264924
6264908
6264905
6264898
6264876
6264864
6264862
6264855
6264840
6264827
6264807
6264798
6264773
6264768
6264752
6264729
6264711
6264695
6264673
6264671
6264648
6264638
6264626
6264619
6264605
6264597
6264588
6264587
6264565
6264540
6264524
6264500
6264485
6264479
6264474
6264472
6264466
6264456
6264444
6264423
6264416
6264398
6264386
6264384
6264363
6264347
6264337
6264335
6264310
6264306
6264288
6264288
6264283
6264278
6264254
6264247
6264238
6264224
6264217
6264199
6264182
6264175
6264151
6264131
6264125
6264117
6264093
6264070
6264069
6264045
6264036
6264025
6264003
6263995
6263993
6263973
6263952
6263947
6263932
6263909
6263906
6263902
6263882
6263882
6263875
6263869
6263866
6263844
6263844
6263839
6263838
6263822
6263815
6263809
6263792
6263786
6263771
6263766
6263742
6263732
6263731
6263721
6263713
6263696
6263679
6263661
6263651
6263640
6263617
6263598
6263585
6263585
6263562
6263562
6263552
6263540
6263534
6263516
6263506
6263483
6263460
6263442
6263430
6263415
6263402
6263382
6263377
6263353
6263338
6263322
6263322
6263316
6263292
6263270
6263251
6263227
6263220
6263198
6263192
6263188
6263181
6263167
6263156
6263137
6263129
6263105
6263084
6263073
6263059
6263035
6263033
6263013
6263012
6263005
6262982
6262963
6262954
6262942
6262940
6262939
6262926
6262901
6262886
6262884
6262870
6262852
6262851
6262838
6262834
6262833
6262828
6262810
6262807
6262802
6262781
6262769
6262761
6262745
6262742
6262724
6262714
6262689
6262677
6262660
6262652
6262644
6262640
6262617
6262600
6262583
6262559
6262547
6262524
6262511
6262495
6262481
6262475
6262453
6262444
6262426
6262413
6262412
6262409
6262395
6262373
6262363
6262354
6262333
6262325
6262321
6262300
6262298
6262289
6262285
6262271
6262246
6262229
6262222
6262221
6262197
6262177
6262169
6262153
6262134
6262119
6262108
6262090
6262080
6262074
6262053
6262045
6262034
6262013
6262009
6262002
6261977
6261971
6261951
6261933
6261917
6261913
6261902
6261887
6261883
6261865
6261851
6261833
6261824
6261803
6261797
6261786
6261780
6261766
6261747
6261740
6261718
6261705
6261686
6261666
6261659
6261640
6261615
6261594
6261586
6261572
6261566
6261554
6261542
6261536
6261511
6261496
6261488
6261470
6261468
6261456
6261436
6261430
6261422
6261410
6261396
6261371
6261368
6261347
6261332
6261319
6261295
6261294
6261275
6261272
6261262
6261243
6261236
6261232
6261210
6261208
6261189
6261180
6261157
6261157
6261144
6261124
6261114
6261111
6261094
6261077
6261068
6261044
6261020
6261010
6261000
6260979
6260962
6260950
6260945
6260921
6260910
6260887
6260868
6260866
6260856
6260848
6260825
6260800
6260787
6260774
6260755
6260736
6260730
6260726
6260708
6260702
6260697
6260696
6260673
6260657
6260648
6260628
6260617
6260594
6260594
6260569
6260552
6260547
6260544
6260533
6260508
6260483
6260479
6260466
6260460
6260451
6260435
6260428
6260420
6260395
6260380
6260360
6260337
6260337
6260326
6260305
6260298
6260298
6260290
6260275
6260255
6260251
6260242
6260220
6260216
6260191
6260182
6260164
6260141
6260116
6260101
6260098
6260084
6260080
6260066
6260049
6260043
6260018
6260018
6260011
6259986
6259965
6259947
6259932
6259907
6259886
6259870
6259869
6259864
6259855
6259842
6259823
6259823
6259812
6259808
6259785
6259767
6259760
6259735
6259717
6259708
6259702
6259683
6259669
6259646
6259645
6259626
6259617
6259612
6259607
6259588
6259564
6259561
6259544
6259524
6259508
6259498
6259493
6259472
6259456
6259456
6259438
6259431
6259431
6259418
6259407
6259404
6259383
6259359
6259347
6259331
6259309
6259302
6259286
6259277
6259253
6259247
6259234
6259214
6259202
6259193
6259175
6259167
6259149
6259141
6259121
6259098
6259081
6259059
6259046
6259040
6259037
6259034
6259025
6259003
6258985
6258961
6258954
6258946
6258933
6258915
6258899
6258899
6258886
6258869
6258862
6258861
6258847
6258825
6258815
6258797
6258781
6258760
6258749
6258749
6258725
6258700
6258700
6258687
6258670
6258662
6258649
6258642
6258635
6258630
6258617
6258598
6258594
6258594
6258583
6258564
6258553
6258532
6258508
6258506
6258492
6258491
6258485
6258472
6258468
6258449
6258441
6258437
6258417
6258401
6258384
6258361
6258345
6258323
6258322
6258320
6258319
6258319
6258302
6258286
6258263
6258263
6258251
6258244
6258241
6258218
6258196
6258176
6258175
6258157
6258132
6258122
6258122
6258120
6258106
6258095
6258090
6258075
6258070
6258060
6258042
6258036
6258012
6258003
6257979
6257977
6257954
6257952
6257947
6257929
6257917
6257898
6257882
6257858
6257852
6257829
6257823
6257817
6257811
6257787
6257767
6257754
6257742
6257730
6257725
6257715
6257702
6257685
6257672
6257657
6257644
6257623
6257622
6257611
6257603
6257603
6257587
6257564
6257559
6257534
6257509
6257498
6257482
6257464
6257448
6257447
6257431
6257413
6257395
6257378
6257376
6257360
6257346
6257322
6257311
6257296
6257283
6257283
6257265
6257247
6257247
6257241
6257241
6257233
6257210
6257210
6257194
6257189
6257183
6257183
6257175
6257168
6257165
6257142
6257123
6257104
6257103
6257083
6257067
6257047
6257023
6257011
6257001
6256984
6256963
6256963
6256961
6256939
6256915
6256898
6256881
6256859
6256854
6256836
6256812
6256804
6256804
6256785
6256764
6256754
6256737
6256718
6256696
6256678
6256663
6256651
6256651
6256647
6256627
6256605
6256604
6256582
6256562
6256557
6256546
6256545
6256522
6256521
6256502
6256479
6256454
6256431
6256409
6256387
6256368
6256358
6256352
6256336
6256318
6256296
6256271
6256250
6256248
6256243
6256229
6256205
6256185
6256166
6256144
6256134
6256121
6256098
6256088
6256078
6256069
6256047
6256045
6256026
6256022
6256021
6256003
6255987
6255979
6255966
6255959
6255954
6255929
6255905
6255905
6255903
6255901
6255888
6255888
6255880
6255861
6255857
6255843
6255826
6255824
6255804
6255795
6255792
6255771
6255759
6255736
6255724
6255716
6255706
6255688
6255665
6255647
6255640
6255633
6255630
6255610
6255590
6255574
6255572
6255554
6255530
6255505
6255486
6255483
6255480
6255474
6255462
6255459
6255453
6255434
6255411
6255396
6255376
6255372
6255352
6255330
6255319
6255316
6255306
6255286
6255286
6255263
6255251
6255232
6255218
6255203
6255186
6255180
6255170
6255168
6255164
6255141
6255136
6255133
6255116
6255114
6255098
6255089
6255065
6255056
6255039
6255027
6255005
6254983
6254982
6254979
6254972
6254965
6254953
6254931
6254907
6254907
6254897
6254880
6254863
6254842
6254830
6254823
6254815
6254794
6254786
6254776
6254756
6254756
6254746
6254728
6254716
6254694
6254671
6254668
6254651
6254635
6254631
6254616
6254592
6254571
6254558
6254558
6254534
6254517
6254512
6254508
6254492
6254469
6254445
6254431
6254422
6254416
6254391
6254382
6254375
6254373
6254353
6254338
6254331
6254324
6254304
6254295
6254288
6254276
6254251
6254233
6254219
6254196
6254189
6254188
6254166
6254145
6254132
6254114
6254112
6254104
6254093
6254075
6254066
6254062
6254055
6254035
6254017
6253996
6253981
6253971
6253967
6253967
6253959
6253944
6253925
6253909
6253884
6253879
6253854
6253836
6253816
6253809
6253798
6253784
6253770
6253759
6253751
6253738
6253729
6253716
6253702
6253682
6253660
6253637
6253632
6253612
6253594
6253581
6253560
6253541
6253539
6253530
6253521
6253514
6253498
6253490
6253478
6253466
6253447
6253443
6253422
6253410
6253406
6253398
6253375
6253353
6253329
6253317
6253292
6253282
6253271
6253252
6253241
6253241
6253216
6253200
6253182
6253159
6253153
6253132
6253117
6253114
6253093
6253068
6253050
6253039
6253024
6253013
6253008
6252991
6252986
6252986
6252981
6252965
6252946
6252944
6252944
6252930
6252921
6252897
6252881
6252881
6252860
6252843
6252825
6252806
6252791
6252783
6252780
6252770
6252765
6252748
6252725
6252715
6252706
6252697
6252690
6252680
6252678
6252660
6252645
6252633
6252608
6252591
6252582
6252570
6252562
6252558
6252540
6252537
6252512
6252488
6252467
6252451
6252451
6252426
6252416
6252399
6252391
6252375
6252356
6252331
6252331
6252321
6252321
6252299
6252281
6252262
6252238
6252237
6252225
6252221
6252212
6252202
6252200
6252181
6252169
6252158
6252136
6252135
6252133
6252118
6252112
6252090
6252089
6252070
6252068
6252064
6252059
6252041
6252025
6252023
6252011
6251995
6251984
6251966
6251944
6251944
6251925
6251909
6251888
6251882
6251869
6251850
6251826
6251808
6251790
6251787
6251771
6251766
6251748
6251741
6251739
6251728
6251716
6251702
6251689
6251683
6251661
6251649
6251644
6251623
6251603
6251578
6251572
6251548
6251524
6251518
6251505
6251503
6251495
6251492
6251482
6251473
6251460
6251453
6251431
6251413
6251399
6251388
6251365
6251358
6251343
6251336
6251322
6251300
6251296
6251271
6251254
6251253
6251243
6251243
6251221
6251209
6251195
6251191
6251182
6251165
6251154
6251147
6251144
6251143
6251143
6251119
6251096
6251090
6251087
6251087
6251070
6251056
6251054
6251040
6251027
6251021
6251014
6250990
6250982
6250975
6250966
6250956
6250951
6250951
6250935
6250922
6250915
6250915
6250897
6250874
6250853
6250843
6250828
6250803
6250797
6250772
6250749
6250738
6250736
6250717
6250701
6250693
6250669
6250658
6250633
6250627
6250603
6250599
6250581
6250561
6250545
6250523
6250516
6250491
6250489
6250467
6250464
6250449
6250440
6250439
6250434
6250432
6250414
6250395
6250380
6250361
6250351
6250336
6250336
6250321
6250320
6250310
6250310
6250302
6250281
6250256
6250240
6250228
6250208
6250192
6250185
6250175
6250163
6250159
6250141
6250130
6250129
6250120
6250108
6250092
6250078
6250053
6250034
6250034
6250031
6250014
6250003
6250003
6249992
6249971
6249968
6249953
6249936
6249926
6249907
6249888
6249869
6249847
6249841
6249826
6249812
6249811
6249807
6249799
6249774
6249764
6249741
6249740
6249730
6249712
6249690
6249675
6249651
6249637
6249630
6249606
6249600
6249588
6249573
6249568
6249543
6249518
6249514
6249496
6249489
6249484
6249472
6249462
6249460
6249457
6249454
6249433
6249416
6249404
6249385
6249371
6249367
6249356
6249339
6249333
6249322
6249310
6249294
6249292
6249284
6249267
6249253
6249232
6249226
6249215
6249200
6249183
6249160
6249159
6249153
6249134
6249113
6249107
6249107
6249101
6249087
6249066
6249046
6249028
6249009
6248985
6248975
6248950
6248929
6248909
6248894
6248892
6248880
6248864
6248852
6248829
6248822
6248810
6248790
6248776
6248763
6248761
6248759
6248758
6248744
6248740
6248725
6248705
6248702
6248695
6248674
6248669
6248653
6248653
6248628
6248613
6248592
6248571
6248566
6248563
6248555
6248555
6248545
6248543
6248523
6248512
6248502
6248483
6248464
6248464
6248439
6248414
6248399
6248381
6248356
6248345
6248334
6248312
6248295
6248288
6248270
6248258
6248258
6248248
6248225
6248218
6248215
6248214
6248200
6248189
6248167
6248144
6248132
6248117
6248101
6248082
6248065
6248046
6248037
6248021
6248014
6247999
6247995
6247974
6247967
6247958
6247938
6247931
6247913
6247900
6247895
6247872
6247851
6247836
6247824
6247814
6247800
6247799
6247791
6247782
6247781
6247761
6247755
6247750
6247741
6247731
6247710
6247686
6247670
6247648
6247638
6247635
6247632
6247609
6247604
6247600
6247582
6247561
6247550
6247529
6247509
6247491
6247488
6247472
6247451
6247443
6247426
6247415
6247402
6247378
6247358
6247335
6247317
6247303
6247281
6247278
6247278
6247258
6247258
6247236
6247218
6247194
6247187
6247168
6247153
6247153
6247141
6247132
6247124
6247114
6247100
6247080
6247065
6247052
6247029
6247007
6246985
6246966
6246961
6246958
6246957
6246949
6246925
6246906
6246898
6246888
6246864
6246864
6246851
6246831
6246809
6246800
6246796
6246787
6246781
6246766
6246745
6246741
6246730
6246707
6246705
6246687
6246668
6246649
6246648
6246648
6246629
6246624
6246615
6246606
6246584
6246568
6246544
6246538
6246525
6246500
6246484
6246478
6246456
6246444
6246443
6246418
6246395
6246393
6246380
6246369
6246346
6246339
6246335
6246322
6246298
6246273
6246262
6246253
6246241
6246230
6246206
6246196
6246179
6246160
6246138
6246131
6246131
6246121
6246120
6246102
6246097
6246082
6246068
6246051
6246042
6246024
6246017
6246000
6245976
6245972
6245961
6245943
6245920
6245918
6245895
6245889
6245875
6245873
6245867
6245860
6245849
6245847
6245837
6245812
6245808
6245786
6245771
6245755
6245747
6245727
6245717
6245696
6245688
6245681
6245678
6245672
6245653
6245648
6245637
6245627
6245602
6245600
6245592
6245590
6245571
6245554
6245552
6245535
6245534
6245515
6245501
6245490
6245470
6245449
6245426
6245405
6245380
6245364
6245354
6245344
6245342
6245330
6245307
6245294
6245287
6245265
6245258
6245235
6245218
6245212
6245197
6245174
6245167
6245167
6245148
6245138
6245117
6245115
6245097
6245086
6245072
6245058
6245045
6245024
6245015
6244999
6244974
6244952
6244942
6244926
6244920
6244914
6244894
6244870
6244849
6244839
6244819
6244803
6244778
6244757
6244749
6244746
6244731
6244721
6244707
6244697
6244679
6244658
6244652
6244636
6244633
6244633
6244625
6244608
6244594
6244589
6244570
6244561
6244538
6244521
6244497
6244477
6244462
6244455
6244435
6244427
6244424
6244402
6244381
6244375
6244360
6244351
6244351
6244350
6244345
6244345
6244322
6244302
6244281
6244267
6244257
6244242
6244222
6244216
6244192
6244176
6244162
6244147
6244144
6244124
6244113
6244102
6244086
6244081
6244058
6244051
6244037
6244030
6244028
6244005
6243991
6243981
6243968
6243955
6243945
6243941
6243917
6243909
6243897
6243874
6243864
6243852
6243841
6243824
6243802
6243783
6243763
6243742
6243726
6243718
6243715
6243705
6243703
6243702
6243701
6243677
6243676
6243652
6243650
6243629
6243618
6243612
6243598
6243596
6243596
6243594
6243572
6243556
6243544
6243521
6243498
6243483
6243470
6243457
6243450
6243429
6243407
6243390
6243369
6243345
6243327
6243322
6243316
6243306
6243290
6243283
6243276
6243255
6243245
6243223
6243220
6243195
6243174
6243159
6243134
6243119
6243116
6243101
6243098
6243089
6243082
6243079
6243060
6243043
6243038
6243037
6243014
6242994
6242991
6242983
6242980
6242956
6242937
6242917
6242916
6242902
6242902
6242889
6242878
6242865
6242863
6242860
6242850
6242848
6242845
6242842
6242836
6242822
6242815
6242806
6242802
6242782
6242769
6242750
6242742
6242735
6242725
6242706
6242686
6242683
6242674
6242663
6242660
6242642
6242620
6242608
6242607
6242604
6242600
6242591
6242588
6242578
6242566
6242547
6242547
6242527
6242509
6242506
6242504
6242504
6242501
6242495
6242487
6242464
6242444
6242423
6242410
6242410
6242385
6242375
6242367
6242357
6242336
6242326
6242315
6242312
6242289
6242266
6242246
6242237
6242225
6242206
6242196
6242180
6242161
6242154
6242131
6242110
6242091
6242078
6242063
6242062
6242041
6242037
6242012
6241995
6241986
6241969
6241956
6241942
6241939
6241939
6241939
6241917
6241898
6241878
6241871
6241870
6241852
6241828
6241803
6241800
6241778
6241774
6241756
6241756
6241733
6241729
6241719
6241708
6241699
6241683
6241678
6241678
6241653
6241636
6241611
6241606
6241583
6241580
6241568
6241549
6241545
6241526
6241507
6241503
6241484
6241464
6241444
6241439
6241431
6241413
6241394
6241381
6241375
6241361
6241360
6241347
6241341
6241332
6241309
6241284
6241281
6241277
6241257
6241232
6241230
6241215
6241198
6241198
6241197
6241172
6241156
6241144
6241127
6241118
6241115
6241111
6241107
6241082
6241076
6241067
6241049
6241033
6241026
6241005
6240994
6240994
6240977
6240975
6240955
6240946
6240945
6240938
6240932
6240911
6240892
6240886
6240867
6240861
6240848
6240840
6240819
6240807
6240788
6240768
6240744
6240720
6240715
6240690
6240681
6240672
6240649
6240625
6240609
6240596
6240578
6240577
6240564
6240548
6240532
6240507
6240494
6240472
6240453
6240452
6240430
6240423
6240423
6240423
6240417
6240416
6240414
6240390
6240365
6240362
6240352
6240344
6240320
6240306
6240287
6240268
6240261
6240237
6240219
6240219
6240199
6240185
6240164
6240147
6240135
6240121
6240106
6240104
6240085
6240083
6240072
6240066
6240065
6240049
6240037
6240033
6240019
6240016
6240006
6239994
6239973
6239966
6239950
6239944
6239934
6239933
6239908
6239886
6239882
6239870
6239850
6239843
6239841
6239828
6239812
6239812
6239807
6239801
6239783
6239765
6239754
6239754
6239742
6239741
6239728
6239707
6239695
6239671
6239653
6239648
6239630
6239628
6239604
6239604
6239601
6239581
6239565
6239541
6239526
6239512
6239500
6239492
6239484
6239461
6239440
6239416
6239404
6239383
6239361
6239357
6239352
6239337
6239330
6239319
6239303
6239285
6239272
6239251
6239231
6239214
6239189
6239174
6239164
6239163
6239149
6239149
6239147
6239126
6239113
6239095
6239078
6239069
6239053
6239039
6239019
6239005
6238994
6238971
6238949
6238947
6238945
6238926
6238903
6238900
6238881
6238869
6238865
6238865
6238863
6238852
6238839
6238816
6238800
6238785
6238768
6238764
6238750
6238729
6238704
6238683
6238681
6238660
6238643
6238628
6238619
6238604
6238594
6238587
6238587
6238579
6238571
6238553
6238548
6238546
6238523
6238509
6238488
6238463
6238458
6238448
6238438
6238422
6238403
6238380
6238373
6238351
6238341
6238333
6238315
6238293
6238289
6238287
6238280
6238266
6238250
6238245
6238223
6238212
6238187
6238182
6238159
6238136
6238117
6238106
6238086
6238073
6238070
6238068
6238067
6238049
6238029
6238016
6238009
6237993
6237987
6237970
6237960
6237957
6237934
6237925
6237913
6237904
6237903
6237897
6237889
6237889
6237871
6237848
6237838
6237825
6237819
6237799
6237799
6237794
6237785
6237761
6237741
6237721
6237719
6237717
6237700
6237686
6237663
6237647
6237636
6237628
6237618
6237618
6237594
6237569
6237560
6237559
6237539
6237524
6237523
6237499
6237493
6237484
6237464
6237449
6237433
6237410
