145
1348
1362
1381
1396
1415
1428
1433
1440
1446
1446
1455
1469
1488
1492
1496
1518
1533
1557
1567
1578
1600
1603
1618
1628
1650
1667
1687
1712
1723
1734
1737
1753
1757
1764
1779
1802
1814
1836
1837
1839
1847
1863
1879
1884
1886
1888
1906
1915
1925
1940
1958
1969
1983
1985
2008
2014
2036
2038
2054
2059
2077
2086
2099
2116
2117
2129
2152
2159
2162
2185
2202
2218
2227
2229
2237
2254
2270
2271
2295
2319
2330
2345
2355
2365
2380
2402
2406
2416
2432
2444
2467
2477
2487
2505
2519
2533
2540
2553
2572
2587
2598
2617
2626
2648
2649
2673
2686
2700
2717
2724
2735
2754
2771
2773
2789
2804
2820
2820
2831
2855
2865
2870
2894
2899
2920
2942
2955
2977
2989
3011
3012
3035
3052
3067
3081
3098
3102
3102
3103
3115
3122
3137
3150
3167
3180
