4171
4159
4154
4153
4168
4159
4172
4173
4154
4159
4171
4166
4176
4156
4154
4173
4163
4175
4154
4166
4174
4168
4159
4166
4168
4154
4175
4152
4152
4166
4152
4155
4167
4177
4173
4173
4165
4177
4155
4155
4160
4158
4165
4175
4166
4171
4172
4170
4156
4175
4161
4152
4169
4154
4158
4164
4176
4161
4171
4172
4154
4173
4173
4158
4172
4161
4159
4166
4176
4161
4165
4171
4163
4168
4164
4157
4154
4177
4157
4172
4159
4167
4177
4164
4154
4165
4160
4158
4173
4154
4159
4154
4163
4161
4168
4161
4167
4175
4156
4157
4177
4152
4168
4154
4165
4168
4171
4155
4173
4155
4167
4160
4154
4163
4162
4170
4165
4158
4164
4171
4166
4174
4171
4174
4161
4165
4154
4154
4163
4176
4170
4154
4165
4170
4177
4154
4169
4157
4167
4161
4159
4153
4175
4176
4163
4157
4152
4177
4158
4156
4155
4170
4169
4160
4152
4157
4164
4153
4156
4169
4166
4163
4158
4159
4164
4153
4166
4172
4177
4158
4169
4164
4177
4154
4173
4164
4161
4167
4155
4153
4176
4175
4155
4173
4157
4171
4173
4166
4167
4159
4177
4154
4174
4164
4158
4160
4166
4177
4157
4163
4172
4174
4170
4175
4159
4160
4175
4163
4154
4174
4162
4158
4155
4155
4170
4166
4152
4171
4161
4157
4165
4165
4152
4177
4154
4169
4173
4170
4158
4177
4168
4158
4174
4176
4156
4164
4157
4157
4153
4154
4174
4169
4170
4166
4166
4155
4161
4172
4174
4157
4169
4169
4156
4163
4161
4159
4165
4167
4152
4165
4157
4167
4172
4167
4166
4153
4177
4166
4156
4157
4164
4177
4174
4176
4172
4162
4168
4156
4169
4165
4177
4160
4169
4157
4159
4152
4155
4170
4174
4166
4156
4176
4166
4153
4162
4173
4157
4172
4160
4160
4161
4160
4167
4155
4165
4154
4159
4161
4155
4174
4152
4152
4157
4165
4156
4161
4156
4154
4177
4166
4170
4163
4157
4164
4154
4171
4167
4173
4165
4172
4177
4164
4163
4156
4155
4165
4152
4175
4173
4165
4167
4153
4170
4152
4172
4168
4169
4153
4161
4160
4166
4156
4159
4156
4172
4159
4163
4158
4172
4160
4176
4166
4164
4165
4164
4158
4174
4155
4177
4155
4175
4171
4173
4162
4167
4159
4177
4159
4168
4171
4176
4157
4156
4174
4170
4173
4155
4155
4177
4165
4175
4164
4157
4156
4167
4166
4165
4162
4166
4173
4173
4153
4153
4166
4168
4174
4170
4164
4158
4156
4153
4165
4162
4176
4172
4175
4177
4161
4152
4153
4162
4166
4152
4156
4171
4171
4174
4170
4169
4163
4172
4169
4163
4176
4162
4165
4166
4154
4171
4174
4172
4152
4177
4166
4176
4176
4160
4154
4157
4155
4167
4153
4174
4166
4173
4176
4164
4160
4169
4171
4177
4155
4158
4164
4162
4155
4169
4167
4169
4163
4177
4158
4152
4165
4159
4157
4177
4173
4166
4169
4165
4153
4166
4176
4158
4165
4170
4154
4161
4177
4167
4171
4177
4163
4174
4172
4165
4162
4158
4171
4167
4165
4163
4159
4163
4159
4159
4159
4154
4166
4159
4161
4161
4168
4174
4154
4172
4177
4165
4171
4177
4173
4159
4177
4153
4165
4159
4175
4152
4158
4175
4174
4159
4153
4171
4165
4177
4153
4160
4159
4163
4167
4152
4170
4165
4176
4176
4169
4164
4171
4174
4168
4152
4171
4168
4159
4168
4152
4153
4158
4161
4159
4154
4160
4169
4162
4165
4175
4160
4175
4155
4161
4154
4155
4157
4158
4158
4166
4173
4154
4174
4174
4167
4174
4152
4168
4158
4174
4176
4174
4157
4157
4157
4171
4171
4174
4167
4156
4161
4164
4152
4159
4169
4164
4155
4176
4169
4176
4161
4154
4153
4152
4160
4153
4160
4172
4159
4152
4173
4174
4174
4154
4156
4159
4167
4166
4165
4167
4161
4163
4154
4165
4159
4175
4154
4169
4154
4176
4152
4171
4168
4169
4165
4157
4177
4173
4158
4174
4161
4158
4173
4173
4170
4160
4166
4163
4161
4159
4152
4161
4177
4171
4158
4160
4172
4154
4177
4172
4172
4153
4155
4164
4176
4174
4152
4156
4153
4163
4152
4167
4177
4162
4170
4165
4175
4164
4161
4169
4166
4159
4154
4169
4166
4168
4152
4169
4165
4156
4153
4170
4171
4173
4164
4170
4156
4173
4164
4164
4157
4167
4169
4174
4162
4166
4169
4169
4156
4153
4160
4155
4173
4155
4177
4169
4163
4174
4170
4167
4167
4175
4166
4170
4160
4169
4164
4167
4153
4162
4156
4154
4171
4172
4171
4168
4162
4157
4167
4173
4173
4162
4154
4177
4154
4164
4154
4177
4162
4161
4162
4153
4160
4176
4174
4168
4152
4169
4169
4174
4163
4165
4154
4159
4176
4155
4158
4167
4159
4177
4174
4174
4158
4159
4170
4163
4169
4154
4155
4167
4174
4152
4173
4159
4171
4166
4160
4177
4163
4160
4157
4164
4167
4163
4166
4159
4153
4157
4173
4152
4154
4154
4159
4170
4169
4172
4167
4162
4163
4172
4170
4152
4171
4163
4155
4162
4155
4171
4161
4157
4170
4170
4169
4170
4168
4173
4168
4154
4172
4167
4155
4164
4157
4170
4176
4173
4157
4166
4166
4169
4176
4161
4169
4177
4172
4169
4174
4161
4172
4155
4165
4173
4169
4173
4165
4153
4176
4155
4170
4171
4154
4167
4170
4157
4169
4170
4172
4175
4161
4154
4177
4152
4158
4163
4155
4176
4160
4166
4155
4157
4157
4170
4174
4166
4162
4158
4156
4175
4168
4162
4172
4175
4172
4162
4159
4161
4157
4177
4158
4174
4172
4166
4159
4163
4174
4171
4169
4153
4162
4157
4164
4168
4161
4155
4174
4153
4168
4158
4162
4156
4163
4169
4165
4168
4165
4166
4168
4175
4163
4156
4161
4157
4165
4170
4166
4158
4170
4175
4153
4170
4177
4172
4171
4165
4166
4160
4166
4162
4164
4156
4163
4173
4165
4173
4157
4176
4157
4163
4153
4154
4164
4159
4177
4176
4175
4174
4166
4172
4152
4156
4153
4171
4176
4167
4175
4161
4175
4176
4168
4161
4170
4161
4159
4169
4168
4169
4176
4176
4158
4174
4162
4169
